"x"	"y"	"z"	"dist"
106.33	70.33	180	4.63417738115407
108.67	66.33	180	0
74.67	55.33	192	2.97397041007472
76	52.67	192	0
81	18	195	2.33
81	15.67	195	0
49.33	12	199	3.58577746102571
48	15.33	199	0
57.67	31.33	206	3.42864404685001
59.33	34.33	206	0
37.33	110	209	3.33600059952033
40	112	209	0
12	85	217	4.0160801784825
14.67	88	217	0
146	39	218	7.51783213433234
147.67	31.67	218	0
138.67	37.33	218	3.14396246796938
140.33	40	218	0
81.33	70.33	222	4.4820642565675
84.33	67	222	0
179.33	114.33	194	2.841760018017
180.33	111.67	194	0
219.67	141.33	200	4.70791886081315
219	136.67	200	0
159.33	116.33	200	3.34731235471086
159.67	113	200	0
136.67	186.67	212	5.52047099439893
134.33	191.67	212	0
109	174	212	3.07390630956768
109.67	171	212	0
111	162.67	212	2.54472002389259
112	160.33	212	0
154.67	125.33	216	4.33872100969862
158.33	123	216	0
115.33	186	216	4.01608017848249
118.33	188.67	216	0
188	159.33	228	3.60555127546399
190	162.33	228	0
136	165	233	3.14925387988963
137.67	162.33	233	0
282.67	66.67	213	6.00296593360315
284.67	72.33	213	0
278	15.67	213	4.45371754829603
279	11.33	213	0
220.33	31.33	242	3.4045851435968
219.67	34.67	242	0
255.67	46.67	255	2.68784300136744
254.33	49	255	0
120.67	78	285	4.38001141551024
121.33	82.33	285	0
31	64.33	155	3.90356247548313
32.33	68	155	0
7.33	47.33	158	3.35626280258266
7	50.67	158	0
55.67	14	173	4.6291359884972
58	18	173	0
67.67	71	176	3.54369863278468
70	73.67	176	0
46	45.33	224	3.68480664350248
46.33	49	224	0
59	40.67	226	3.39673372521309
58.33	44	226	0
76.33	91.67	226	3.32800240384528
74.33	94.33	226	0
34	67.33	252	3.28160021940516
35.33	70.33	252	0
40	66.33	252	2.75278041260105
39.33	69	252	0
35.67	92	253	4.7093311627024
39	88.67	253	0
160.33	189.67	119	94.67
255	189.67	119	0
258.33	192.67	119	98.3259884262548
160.33	184.67	119	0
168.67	168	121	4.94818148414145
172.33	164.67	121	0
221	216	124	3.14925387988963
222.67	213.33	124	0
239.67	230.67	131	2.69031596657343
240	228	131	0
269	183.67	131	3.33600059952032
271	181	131	0
155	218	140	5.09901951359278
156	213	140	0
213	236.33	142	3.68480664350247
213.33	240	142	0
223.33	128.67	143	3.80468132699702
225.67	125.67	143	0
159	204.33	157	3.43349675986449
160.67	201.33	157	0
215.33	159.33	158	3.43349675986449
217	162.33	158	0
159	208	159	2.40185345098323
160.33	210	159	0
169	216	159	4.34715999245484
171.33	219.67	159	0
175	195.33	159	5.2759454129094
172	199.67	159	0
137	170	168	4.34715999245484
139.33	173.67	168	0
204	197.33	168	5.08024605703305
206	202	168	0
260.33	123	168	2.40740524216429
261.67	121	168	0
184.67	162	174	3.16227766016838
187.67	163	174	0
148.33	234.67	180	3.60555127546399
150.33	237.67	180	0
207.33	174.33	182	4.21848313970791
208.67	178.33	182	0
198	180.67	183	4.47213595499958
196	184.67	183	0
242	116	183	2.82842712474619
244	118	183	0
179.33	97.67	190	4.07813682948474
182.67	95.33	190	0
191.33	176	202	4.35252800105867
193.67	179.67	202	0
138	122.67	209	3.33600059952032
140.67	120.67	209	0
149	152.67	209	2.23606797749979
151	151.67	209	0
187.67	149.67	221	3.01920519342425
187.33	152.67	221	0
191.67	189.67	221	4.01608017848249
189	192.67	221	0
168.67	149.33	223	3.40653783187562
168	152.67	223	0
243	233	223	2.98291803440858
244.33	235.67	223	0
193.67	143.33	223	4.27603788570679
191	146.67	223	0
147.33	154.33	226	4.21531730715495
146	158.33	226	0
124	170.33	228	4.53921799432455
125.33	174.67	228	0
258	108.67	230	3.79853919290033
260.33	105.67	230	0
186.67	223.33	235	4.66000000000003
186.67	218.67	235	0
121.67	149	235	4.33077360294901
123.33	153	235	0
133.67	154.67	237	4.70650613512829
134.33	159.33	237	0
236.33	98	237	3.60555127546399
238.33	101	237	0
269.67	117.67	237	3.07065139669094
271.67	120	237	0
156.67	147.33	237	4
156.67	151.33	237	0
166.67	175.33	241	3.60555127546399
168.67	178.33	241	0
214	181	241	3.54369863278468
216.33	183.67	241	0
222	201	241	5.04469027790607
222.67	206	241	0
168	178.67	242	91.8654331073446
251.33	140	242	0
251.67	144.33	242	90.6838712230571
166.33	175	242	0
137	146.33	245	3.07065139669095
139	144	245	0
177	98.67	245	2.60555176498184
179	97	245	0
264	163.67	257	3.80468132699703
267	161.33	257	0
208	96	257	5.81702673193102
210.33	101.33	257	0
231.67	167.33	257	3.16227766016838
232.67	170.33	257	0
154	185.33	257	3.725291934869
157.33	187	257	0
239.67	123	260	4.68236051580824
239.33	127.67	260	0
151	174.67	262	2.10608641798005
153	175.33	262	0
232	177.67	262	5.01087816654925
232.33	182.67	262	0
169.67	139.67	262	4.01885555848929
171.33	143.33	262	0
234.33	191	265	2.35467619854621
234.67	193.33	265	0
240	114	268	5.93951176444663
244.67	117.67	268	0
248.67	114.67	268	3.58949857222425
247.33	118	268	0
161	187.67	271	4.26823148388182
163.67	191	271	0
206	130.67	271	3.47690954728478
209.33	131.67	271	0
165.33	172.67	272	4.63417738115406
167.67	176.67	272	0
129.67	288	149	3.14396246796939
131.33	290.67	149	0
150.67	345.67	150	3.07824625395698
152.67	343.33	150	0
133	283	151	3.14925387988965
134.67	285.67	151	0
158.67	304.67	151	3.43349675986449
157	307.67	151	0
151.67	282.33	170	2.84176001801703
154.33	283.33	170	0
163.33	287	170	3.28566583815213
164.67	290	170	0
170.33	315.33	174	4.21848313970791
171.67	319.33	174	0
149.33	340.67	174	2.40185345098321
147.33	342	174	0
163.33	320	177	3.14925387988965
166	321.67	177	0
156.67	352.33	187	3.07824625395693
154.33	354.33	187	0
123.33	289.33	193	2.85112258592997
126	290.33	193	0
148.33	349.67	233	4.67238697027544
148.67	354.33	233	0
174.67	328.33	266	5.01087816654925
175	333.33	266	0
181.67	321	266	3.79853919290033
178.67	323.33	266	0
181.33	315.33	266	2.97397041007474
178.67	314	266	0
224.67	408.67	144	7.78146515766797
230.33	403.33	144	0
215	436.33	149	3.90356247548315
216.33	440	149	0
277.33	302.33	153	3.07065139669092
279.33	300	153	0
273.33	346.33	186	5.09030450955541
270.67	350.67	186	0
269.33	323.67	191	5.0433718879337
268.67	328.67	191	0
272	376.33	205	5.3501869126228
272.33	381.67	205	0
208.67	256.33	152	3.35626280258269
209	259.67	152	0
190.33	243.33	152	2.36173664916305
192	245	152	0
182.67	241	153	4.95625866960149
184.33	236.33	153	0
215	231	154	4.44397344726542
214	235.33	154	0
153	295.33	158	6.7346566356422
152	288.67	158	0
179.33	260.67	162	5.5505765466301
182.33	256	162	0
162.67	236.33	164	2.69651627104303
161.33	238.67	164	0
175.33	297	164	2.35467619854623
173.67	298.67	164	0
217.67	308.33	175	4.65021504879078
216	312.67	175	0
206.33	246	175	4.80925150101343
210.33	248.67	175	0
184	235	175	3.01809542592676
184.33	238	175	0
167.33	247	192	3.80380073084802
166.33	250.67	192	0
161	298	198	3.33600059952034
163	295.33	198	0
116.33	218.67	199	3.30925973595303
118.67	216.33	199	0
115.67	309.33	200	4.80370690196644
118.33	305.33	200	0
111.33	240.67	202	4.91709263691463
109	245	202	0
130	216.33	205	3.54369863278467
127.67	219	205	0
121	220.33	205	4.6291359884972
118.67	224.33	205	0
102	235.33	205	6.26720033188664
107.67	238	205	0
156	193.33	205	3.68480664350247
156.33	197	205	0
237	259.33	205	3.6848066435025
237.33	263	205	0
87.67	274	211	2.68784300136744
86.33	276.33	211	0
149.33	204	211	4.62913598849721
147	208	211	0
170.33	281.33	211	3.77595021153617
173	284	211	0
245.33	328.33	211	2.68784300136748
243	329.67	211	0
123	198	213	3.33600059952033
125.67	196	213	0
122	200	218	3.07065139669095
124	202.33	218	0
160	303.33	221	4.7401371288181
163.67	300.33	221	0
129.33	204.67	223	2.82842712474619
131.33	202.67	223	0
123.33	188.33	224	4.6291359884972
121	192.33	224	0
131.67	203	224	2.75278041260103
129	203.67	224	0
144	194.33	226	6.08276253029822
143	200.33	226	0
99.67	277.67	227	3.28160021940516
101	280.67	227	0
184.67	343.33	228	6.40312423743285
188.67	348.33	228	0
131	215.67	232	4.02299639572299
129.33	219.33	232	0
201.33	228	232	4.02796474661832
199.67	231.67	232	0
247.33	209.67	232	4.07240715056831
250.67	212	232	0
101.33	214.33	232	2.86900679678523
99.67	216.67	232	0
174.33	187.33	235	3.89301939373539
177.67	189.33	235	0
158.33	344.33	235	4.26980093212791
155.67	347.67	235	0
263.67	235	235	4.17958131874473
261.67	238.67	235	0
35.67	290.33	236	3.4334967598645
38.67	292	236	0
99	262.33	262	5.01087816654925
99.33	267.33	262	0
106.33	278	279	4.5326041080156
107.67	273.67	279	0
45.33	378.67	281	3.28566583815214
46.67	381.67	281	0
199	246.33	283	3.07390630956768
198.33	249.33	283	0
116.67	286.67	300	3.79853919290033
119.67	289	300	0
164.67	236	305	3.60555127546399
161.67	238	305	0
153.67	245.67	305	3.72081980214041
153	249.33	305	0
210.67	229	305	5.75750814154873
211.67	234.67	305	0
244.67	314.33	152	2.74065685557315
247.33	313.67	152	0
226.33	247.67	156	6.40850216509288
225.33	254	156	0
218	310.33	156	4.0557243496076
217.33	314.33	156	0
276.67	334	156	6.32999999999998
276.67	340.33	156	0
231.33	253.67	160	3.30219623886891
233.67	256	160	0
192	280.33	177	4.27603788570683
194.67	283.67	177	0
200	292.33	177	3.07824625395698
202	294.67	177	0
182	273	177	3.07065139669092
184	275.33	177	0
212	326.33	177	3.07824625395698
210	328.67	177	0
200	341	178	4.74013712881812
197	344.67	178	0
303.67	265.67	178	4.07240715056834
306	262.33	178	0
298.67	315.67	186	6.66400030012003
302.67	321	186	0
181	266.33	186	4.0557243496076
181.67	270.33	186	0
312	273	186	5.34020598853638
311.67	278.33	186	0
262	341.33	191	3.89301939373543
264	344.67	191	0
258.33	343	191	4.170803279945
254.67	345	191	0
193.67	261	191	3.07065139669092
191.67	263.33	191	0
255.33	303.67	191	4
255.33	307.67	191	0
196.67	248.67	191	4.34332821693227
196.33	253	191	0
240	217.67	191	4.34255685052022
240.33	222	191	0
302.33	319.33	198	5.73566038046187
299	324	198	0
166.67	313	202	5.20469979921992
170.67	309.67	202	0
184.67	261	207	5
188.67	258	207	0
190.33	243.33	213	2.36173664916305
192	245	213	0
292.33	239.67	214	4.17080327994503
294.33	243.33	214	0
289.67	237.33	214	2.987390165345
288.33	240	214	0
165	277.67	216	4.06420964026217
162.67	281	216	0
173.33	255.33	217	4.47213595499955
171.33	259.33	217	0
227.67	374.67	223	4.92183908717054
225.33	379	223	0
168	336	225	3.79853919290035
170.33	333	225	0
158.67	277	225	3.14925387988965
157	279.67	225	0
166	341.67	231	2.40185345098323
167.33	343.67	231	0
296.67	266.67	233	3.28160021940515
299.67	268	233	0
232.67	239.67	233	2.74308220802806
232	242.33	233	0
207	366	234	4.0557243496076
207.67	370	234	0
184.67	248.33	236	4.38989749310845
185.33	252.67	236	0
302	247	236	4.26823148388184
304.67	250.33	236	0
206.67	313.33	236	2.43402958075701
206	315.67	236	0
183	359	238	2.60555176498185
185	360.67	238	0
171.33	314	241	3.34731235471085
171.67	317.33	241	0
320.67	283	250	5.66961197966842
326.33	282.67	250	0
267.67	298	254	4.12310562561766
268.67	302	254	0
240.67	279.33	259	2.75278041260106
240	282	259	0
320	325.67	279	3.16227766016838
319	328.67	279	0
228	310.67	295	3.5857774610257
229.33	314	295	0
283.33	266.67	295	3.72081980214035
280	268.33	295	0
274.33	234.33	132	2.53552755851717
275.33	232	132	0
280.33	239.67	132	3.60555127546399
282.33	242.67	132	0
308.33	223	140	4.01608017848249
311.33	225.67	140	0
253.67	192	140	3.30219623886891
251.33	194.33	140	0
246.67	203.67	140	3.3967337252131
246	207	140	0
202	229.67	145	4.73239896881066
205	233.33	145	0
310.67	233.67	145	3.66000000000003
310.67	237.33	145	0
227.67	188.67	145	3.66000000000003
227.67	192.33	145	0
247.67	189	151	4.21848313970791
246.33	193	151	0
208.67	165	151	4.01608017848249
206	168	151	0
194	271	151	5.3851648071345
196	276	151	0
213.67	170.67	153	3.58949857222426
212.33	174	153	0
300.67	192	153	3.42864404684999
302.33	195	153	0
252.67	278.33	155	3.07065139669095
255	276.33	155	0
190	279	155	4.01608017848251
187	281.67	155	0
272.67	217	155	4.63729446983907
274.33	221.33	155	0
315.33	210.33	155	3.07065139669092
313	212.33	155	0
321	190.33	155	3.14925387988965
322.67	193	155	0
214.67	203	155	4.44397344726542
213.67	207.33	155	0
192.67	196.33	155	2.87480434116825
191	198.67	155	0
195	154.33	158	4.71640753116182
198.33	157.67	158	0
232.67	159.33	158	4.47213595499958
230.67	163.33	158	0
215.33	174	158	2.86085651510175
213.67	176.33	158	0
306.67	213	158	2.85112258592996
307.67	215.67	158	0
218.33	163.67	159	4.34255685052022
218	168	159	0
242	211.67	160	4.24264068711928
245	214.67	160	0
233	238	160	3.47690954728478
232	241.33	160	0
264.67	278.33	160	3.80468132699707
261.67	280.67	160	0
203	156.67	161	5.20469979921994
206.33	160.67	161	0
194.33	149.33	164	3.07824625395693
196.67	151.33	164	0
188.33	132.67	164	3.07824625395693
190.67	134.67	164	0
211.67	145	164	2.10924156985396
211	147	164	0
276	234.33	164	4.2760378857068
273.33	237.67	164	0
180.33	166.67	167	4.96230793079186
184	163.33	167	0
200.33	120.67	168	3.07824625395695
202.33	118.33	168	0
198	210.67	169	3.07390630956768
201	210	169	0
198.33	216	169	3.725291934869
200	219.33	169	0
198	204	169	3.14925387988963
196.33	206.67	169	0
181.67	166.33	169	3.14396246796936
183.33	169	169	0
193.33	286	188	4.7093311627024
190	289.33	188	0
215	257.67	188	3.07390630956768
214.33	260.67	188	0
156	254.33	194	4.53260410801562
160.33	255.67	194	0
196	212.67	194	4.17080327994503
198	216.33	194	0
152	256.33	198	5.67000000000002
152	262	198	0
230	126.67	200	4.21531730715493
231.33	130.67	200	0
167	151	212	3.58577746102573
165.67	154.33	212	0
195.67	126.33	212	4.2760378857068
192.33	129	212	0
254.33	159.67	233	5.17644665769869
255.67	164.67	233	0
292.67	259.67	240	3.16227766016838
291.67	262.67	240	0
289	258	240	3.33600059952034
287	260.67	240	0
178	146.33	240	2.69031596657343
178.33	149	240	0
223.67	238.67	240	2.84176001801703
224.67	241.33	240	0
231	253	247	4.68164501003655
230.67	257.67	247	0
279	171.67	253	4.53039733356802
281.67	175.33	253	0
229.33	177	253	4.48949885844732
232.67	174	253	0
184.67	147	255	4.33872100969862
188.33	149.33	255	0
213.67	171	255	5.37070758839095
214.33	165.67	255	0
290.33	162.33	255	3.48648820448311
291.33	165.67	255	0
248.33	136.67	255	3.54276727996633
250.67	139.33	255	0
282	201.67	257	4.21531730715494
280.67	205.67	257	0
273.33	143	257	3.79853919290033
271	146	257	0
206.33	177.33	263	4.07813682948472
209.67	179.67	263	0
258	179	273	4.47213595499958
260	183	273	0
216.67	178.67	277	3.14078015785889
215	181.33	277	0
240.67	253.33	277	3.30925973595301
238.33	255.67	277	0
113.33	192	61	3.30219623886892
115.67	189.67	61	0
118.67	221	61	2.85112258592996
117.67	223.67	61	0
80.33	281	66	4.68164501003655
80	285.67	66	0
87	286	66	3.77595021153618
84.33	288.67	66	0
233	228	68	4.80925150101343
235.67	232	68	0
215	220.33	74	4.53921799432455
216.33	224.67	74	0
149.67	211.33	76	3.48648820448311
148.67	214.67	76	0
262	285	77	3.79853919290033
265	287.33	77	0
112.67	224	84	4.06995085965422
110.33	227.33	84	0
102.67	210.33	84	4.01608017848249
99.67	213	84	0
223.33	226.33	84	2.60555176498184
225	228.33	84	0
134	372	84	4.01358941597169
134.33	376	84	0
134.33	372.67	85	3.32999999999998
134.33	376	85	0
160.33	331	89	2.98291803440857
163	332.33	89	0
299.67	319.67	90	3.79853919290033
302.67	322	90	0
46.33	201.33	90	4.01608017848249
49.33	204	90	0
17.67	259	90	3.79415339700439
21.33	258	90	0
218	232.33	90	4.52965782372136
219.33	228	90	0
194.33	376.33	90	4.06995085965418
196.67	373	90	0
202.67	209.33	93	4.73239896881066
206.33	212.33	93	0
76.67	412.33	93	3.71903213215478
77.33	408.67	93	0
258.33	248.33	93	3.80380073084802
259.33	252	93	0
128	407.67	96	3.60555127546399
131	409.67	96	0
16.67	247.33	96	2.54472002389259
15.67	249.67	96	0
262	309.67	96	6.56725970249389
268	307	96	0
251.67	408.33	96	3.07174217668085
252.33	411.33	96	0
237.33	269	96	3.47690954728476
236.33	272.33	96	0
153.67	384.33	96	2.10924156985396
153	386.33	96	0
148.67	366	96	3.16227766016838
147.67	369	96	0
266.33	349	96	4.80925150101345
269	345	96	0
44.67	227.67	96	5.20469979921994
40.67	231	96	0
165	294	96	4.34715999245486
162.67	297.67	96	0
82.33	252	98	5.08024605703308
80.33	256.67	98	0
178.67	385	102	5.34083326832057
178.33	390.33	102	0
107.33	298.67	104	5.09901951359278
106.33	303.67	104	0
272	367	104	6.32999999999998
272	373.33	104	0
265	251	104	5.82389903758643
266.33	256.67	104	0
136.33	182.67	104	3.88444333206189
134.33	186	104	0
96.67	384.33	107	5.27151780799421
101.67	386	107	0
101.67	401.33	111	5.3851648071345
99.67	406.33	111	0
143	395.33	113	7.48791693329995
149.33	391.33	113	0
213	245.33	115	6.00740376535489
216.33	240.33	115	0
195	361	115	6.84170300436959
199.67	356	115	0
118.67	210	119	2.35325306756414
119	212.33	119	0
167.33	192.67	119	3.13547444575781
165.67	195.33	119	0
149.33	244	122	4.76958069435879
151.33	248.33	122	0
115	403.33	122	4.0160801784825
112.33	406.33	122	0
270.33	290	130	5.21898457556641
268	294.67	130	0
97	397	130	3.90356247548315
95.67	400.67	130	0
157.67	238	143	6.36535937712869
157	244.33	143	0
87	406.33	143	4.33461647669087
85.33	410.33	143	0
166	199.33	145	2.23606797749979
165	201.33	145	0
261.67	336.33	145	3.59877757023136
260.33	339.67	145	0
193.33	234.33	149	4.80370690196645
190.67	238.33	149	0
87	412.67	151	6.25815468009537
89.67	418.33	151	0
117.67	212.67	151	3.32800240384531
115.67	215.33	151	0
137.67	326.33	156	5
137.67	331.33	156	0
246	297.33	156	3.67000000000002
246	301	156	0
226	290.33	157	6.00740376535489
222.67	295.33	157	0
305	338.67	159	4.01358941597169
305.33	342.67	159	0
126	423.33	159	3.34631140212621
126.33	420	159	0
161.33	251	159	3.54369863278468
159	253.67	159	0
89.67	436	163	3.07174217668085
90.33	439	163	0
173.67	332.67	163	3.71903213215479
174.33	336.33	163	0
175.33	329.33	166	3.14925387988965
178	331	166	0
210.67	252.67	166	3.42864404685002
213.67	254.33	166	0
104	409.33	168	5.17386702573617
105.33	414.33	168	0
195	268.67	180	4.84608089078172
193.67	273.33	180	0
97.33	433	180	5
94.33	437	180	0
204.67	246.33	180	5.55057654663008
201.67	251	180	0
316.67	314.67	181	5.0433718879337
317.33	319.67	181	0
210.67	319.33	181	3.59877757023133
209.33	322.67	181	0
114.67	416	184	2.23606797749979
113.67	418	184	0
144.33	308	184	3.54369863278466
147	305.67	184	0
278.33	342.33	184	5.01154666744709
278.67	347.33	184	0
163.67	392.67	184	4.01608017848249
161	395.67	184	0
127.67	428	184	3.16227766016837
130.67	427	184	0
124.67	240.67	184	3.07065139669094
127	242.67	184	0
155.67	409.67	187	6.75459103129127
158	403.33	187	0
271.33	280.67	187	3.32999999999998
271.33	284	187	0
300.33	360.67	187	4.33872100969856
298	364.33	187	0
165.67	238.33	187	4
165.67	242.33	187	0
169.67	241.33	187	3.60555127546399
166.67	243.33	187	0
278.67	397.33	187	2.10608641798003
279.33	399.33	187	0
177.33	290.33	190	3.60555127546399
179.33	287.33	190	0
298	333.33	190	4.74013712881812
301.67	330.33	190	0
187.33	403.67	191	3.33600059952034
189.33	401	191	0
299.33	318	191	7.09397631797573
304.67	313.33	191	0
222	243.33	191	4.48206425656751
225.33	246.33	191	0
225	248.67	191	2.75278041260103
225.67	246	191	0
232.67	262	191	3.07174217668085
233.33	265	191	0
220	337	196	3.29511760032931
217.67	339.33	196	0
256.67	411	200	2.53552755851715
259	412	200	0
305	371.67	203	4.80925150101345
309	369	203	0
132.67	302.33	123	5.66353246657951
135.33	297.33	123	0
138.33	291.33	123	3.60555127546399
140.33	288.33	123	0
180	265.33	130	3.79853919290033
183	263	130	0
124.67	290	130	5
127.67	294	130	0
135.33	337	141	3.79853919290035
133	340	141	0
204.33	272.33	143	3.89301939373539
207.67	274.33	143	0
207.67	333	152	4.33872100969861
211.33	330.67	152	0
229.67	287.33	157	2.59915370842128
231.33	289.33	157	0
134.33	327	157	3.07065139669095
132	329	157	0
217.67	306.67	164	4.2682314838818
215	310	164	0
212.67	299.33	164	6.75409505411347
209	305	164	0
208.67	316.67	164	3.47690954728476
207.67	320	164	0
201	334	169	6.13007340902213
198.67	339.67	169	0
220.67	342.33	169	6.01239552923792
218.67	348	169	0
216.33	224	169	3.33600059952032
219	226	169	0
77.33	277	169	3.80380073084804
76.33	280.67	169	0
155	364.67	175	3.43349675986449
156.67	361.67	175	0
219.33	337.33	179	2.60555176498184
221	335.33	179	0
164.67	277	179	5.21003838757453
169.33	279.33	179	0
235.33	270.33	181	6.01239552923792
237.33	276	181	0
248	301.33	181	3.33600059952034
246	304	181	0
221	351	181	2.98291803440857
218.33	352.33	181	0
163.67	361	181	2.53552755851715
164.67	363.33	181	0
188	211	184	2.86667054263304
185.67	212.67	184	0
160.67	299.33	194	3.28160021940517
162	302.33	194	0
169.67	356.33	194	4.80925150101345
173.67	359	194	0
71.33	258.67	203	4.01885555848923
69.67	262.33	203	0
128.33	372	206	3.07390630956768
131.33	372.67	206	0
146.67	355.33	206	5.51623966121851
149	360.33	206	0
108	226.33	211	4.77586641354214
107	231	211	0
93.33	339.67	211	4.009438863482
96.33	342.33	211	0
208.67	240.67	212	5.37194564380543
208	246	212	0
114.67	240.67	212	5.70828345476991
115.33	235	212	0
232	313.67	212	4.48206425656751
235.33	310.67	212	0
172.33	226.67	212	4.7234732983261
175.67	223.33	212	0
107.33	226.67	212	4
107.33	230.67	212	0
160.67	270.67	216	4.34409944637547
158.33	274.33	216	0
190.33	218.33	216	4.71640753116182
189.67	223	216	0
126.33	312.67	216	3.6748469355879
126	316.33	216	0
175.33	350.33	216	2.85112258592996
178	351.33	216	0
234.33	305.33	220	4.77586641354217
233.33	310	220	0
232.67	304	220	2.54472002389259
230.33	305	220	0
162.33	272.67	220	4.7093311627024
159	276	220	0
189.67	226.33	225	3.54276727996633
192.33	228.67	225	0
144.67	290.33	225	5.42852650357352
148.67	294	225	0
86.67	318.33	228	7.02820033863577
90.33	324.33	228	0
176	356.33	231	3.33600059952032
178.67	354.33	231	0
88.33	318.67	231	3.67575842514164
88.67	322.33	231	0
212.33	240.33	231	3.60555127546399
210.33	243.33	231	0
174	348.67	233	4.33461647669087
172.33	352.67	233	0
201.33	275	233	7.12710319835485
202.67	282	233	0
177.67	257	233	4.03209622901042
176	260.67	233	0
177	269.33	233	5.75750814154875
176	275	233	0
124.67	325	242	4.34715999245484
121	327.33	242	0
180.67	341.33	242	3.60555127546399
178.67	344.33	242	0
251.33	279.33	242	4.01442399355125
251.67	283.33	242	0
215	322.33	242	3.60555127546399
217	325.33	242	0
173	236.67	242	3.60555127546399
175	239.67	242	0
184.33	224.33	245	3.16227766016838
187.33	225.33	245	0
132.33	260.67	245	4.34409944637547
134.67	264.33	245	0
151.67	327.67	247	4.80370690196645
154.33	331.67	247	0
106.67	304.33	251	5.37938658212999
104	309	251	0
184	265	278	5.42299732620253
185	270.33	278	0
181.67	250.67	278	3.07824625395693
179.33	252.67	278	0
188	306.67	278	4.02299639572294
186.33	310.33	278	0
155.67	287.33	281	4.01608017848251
152.67	290	281	0
210	208	147	3.33600059952032
212.67	206	147	0
218	215.33	147	2.75036361232474
220.67	214.67	147	0
224.33	223	147	3.3967337252131
225	219.67	147	0
219	231	147	3
219	234	147	0
225.33	230.33	147	2.40740524216425
227.33	231.67	147	0
201.67	230.67	147	3.47690954728478
202.67	234	147	0
210	243	147	4.76958069435879
212	247.33	147	0
220.33	209	147	3.28566583815213
221.67	212	147	0
223	206.67	147	3.54369863278468
225.67	209	147	0
205	277.67	147	4.17958131874473
208.67	275.67	147	0
247.67	274.33	147	2.54472002389264
246.67	276.67	147	0
230.67	259.33	150	2.02704218012354
232.67	259	150	0
237	238.33	150	2.69031596657343
237.33	241	150	0
199.67	222.67	150	4.33461647669087
198	226.67	150	0
217.67	217.67	154	5.66823605718745
215	222.67	154	0
283.67	253	157	7.69444604893685
281.33	260.33	157	0
221.33	182.67	157	3.47690954728478
220.33	186	157	0
251.33	230.67	157	5.21451819442603
253.67	235.33	157	0
201	247.67	157	3.79853919290035
198.67	250.67	157	0
247.33	270.67	157	5.07105511703429
249.33	275.33	157	0
211.67	190.67	162	3.58949857222426
210.33	194	162	0
197.67	236.33	162	5.83019725223766
195.33	241.67	162	0
232.67	222	162	4.52965782372136
234	226.33	162	0
203	232	162	4
203	236	162	0
186.67	258	162	3.6848066435025
187	261.67	162	0
205.33	219.33	163	2.33999999999997
205.33	221.67	163	0
247.33	280	164	3.67000000000002
247.33	283.67	164	0
238	265.33	164	4.12310562561766
237	269.33	164	0
230	229.33	167	3.54369863278468
232.33	232	167	0
202	192.67	167	5
199	196.67	167	0
212.33	245	167	4.06420964026219
210	248.33	167	0
253	227.67	167	3.76888577699034
250.33	230.33	167	0
272.33	266	167	4.009438863482
269.67	269	167	0
236.33	187.33	167	4.02796474661832
234.67	191	167	0
253.67	188	167	3.79853919290035
256	191	167	0
282.33	212.33	167	2.69651627104308
284.67	213.67	167	0
272.33	211	173	5.82619086539395
273.67	216.67	173	0
177.33	261	173	4.17958131874475
179.33	264.67	173	0
182.33	265.67	175	2.69651627104308
183.67	263.33	175	0
172.33	261.33	184	3.01920519342425
172.67	264.33	184	0
177.67	273.33	184	3.14396246796939
179.33	276	184	0
271	252.33	184	4.47213595499958
273	248.33	184	0
199	246.67	184	4.24264068711928
202	243.67	184	0
175	215.33	184	6.14889420953068
171	220	184	0
190.67	206.33	200	6.20233020726887
195.67	210	200	0
212	268	209	4.7093311627024
215.33	264.67	209	0
236.33	296.67	209	4.53260410801558
240	299.33	209	0
196.67	181	213	4.76958069435879
198.67	176.67	213	0
168	191.33	213	2.6828715958838
169.33	189	213	0
163	199.67	213	2.23606797749979
162	201.67	213	0
183.67	231	229	3.77595021153615
181	233.67	229	0
220.67	298.33	230	4.53921799432461
222	302.67	230	0
196.67	179.67	230	4.92183908717057
194.33	184	230	0
236	249	230	3.3967337252131
235.33	252.33	230	0
207	226.67	241	4.2619831064893
203.67	229.33	241	0
200	196	241	3.33600059952032
202.67	198	241	0
195	213.33	244	4.92590093282435
192.67	217.67	244	0
163	236.33	246	3.28566583815213
166	237.67	246	0
192.67	204	250	6.00906814739191
193	210	250	0
291.67	266	250	3.88444333206187
295	264	250	0
187.33	210.33	251	4.33077360294903
185.67	214.33	251	0
299.33	235.67	251	4.6291359884972
297	239.67	251	0
286	249	251	3.33600059952032
288	251.67	251	0
197.67	178.33	251	3.35626280258263
198	181.67	251	0
206	246.67	259	4.53260410801562
209.67	249.33	259	0
263.67	274.33	259	3.90698093161461
262.33	278	259	0
213	222	265	4.34715999245484
209.33	224.33	265	0
197	239.67	275	3.60555127546399
200	237.67	275	0
224.33	199	275	4.53039733356801
220.67	201.67	275	0
187.33	184.33	275	4.80925150101343
183.33	187	275	0
183.67	236.67	275	5.33000000000001
183.67	242	275	0
201.33	276	279	6.74454594468747
200.33	282.67	279	0
241.67	196.67	279	3.54369863278468
244	194	279	0
209.33	205	288	5.67959505598769
209	210.67	288	0
225	276.67	288	5.08702270488346
222.33	281	288	0
224	198	290	3.29511760032933
226.33	200.33	290	0
201	217.33	290	4.35252800105867
200.67	221.67	290	0
136.33	269.33	131	4.54215807739011
137.67	273.67	131	0
184.67	325.67	131	4.62913598849721
187	329.67	131	0
198	281.33	136	5.70224517185997
196	286.67	136	0
198.33	198.67	136	3.13547444575781
196.67	201.33	136	0
227.67	247	136	6.08276253029822
226.67	253	136	0
115.33	204	138	3.14078015785886
112.67	205.67	138	0
190.33	172	138	7.00825227856418
190.67	179	138	0
287.67	282.67	141	7.77460609934674
289	290.33	141	0
215	184.67	141	3.28160021940517
216.33	187.67	141	0
96.67	246.33	141	4.95961692069054
95	251	141	0
214.67	318.67	141	4.24264068711928
217.67	315.67	141	0
251.33	198.33	145	3.16227766016838
248.33	199.33	145	0
259.67	210.67	145	4.022996395723
258	214.33	145	0
270.67	224.33	145	3.07824625395693
268.67	226.67	145	0
117.33	204.67	145	3.88444333206189
115.33	208	145	0
115.67	213.33	145	3.59506606337072
117	216.67	145	0
188.67	218.67	145	6.63844108206137
186.67	225	145	0
97	197	145	7.07106781186548
96	204	145	0
105.33	235.33	145	3.68480664350247
105	239	145	0
106.67	224.33	145	3.68571566998865
106.33	228	145	0
200.33	199.67	145	3.47690954728478
199.33	203	145	0
197.67	247.67	145	2.53552755851717
196.67	250	145	0
201.33	236.33	145	2.82842712474619
203.33	238.33	145	0
159.33	206	149	4.12310562561766
158.33	210	149	0
228.33	205.67	149	3.32800240384531
225.67	207.67	149	0
97	210	155	6.70820393249937
100	204	155	0
192.33	277	157	4.01358941597169
192	281	157	0
168	157	157	2.85112258592996
170.67	156	157	0
281	233	157	5.96135890548457
283.67	238.33	157	0
278.33	219.33	159	2.02869416127716
278.67	221.33	159	0
279.33	189.33	159	3.30925973595305
281.67	191.67	159	0
113.33	221.33	159	4.02796474661831
111.67	225	159	0
222	304.67	159	3.40653783187567
222.67	301.33	159	0
251.33	249	165	4.96230793079186
254.67	252.67	165	0
257.33	241.67	165	9.75112813986158
256	251.33	165	0
114	207	165	3.58577746102572
112.67	210.33	165	0
136.67	272.67	165	4.80370690196642
140.67	275.33	165	0
108.33	199.33	168	3.33600059952033
111	201.33	168	0
212.33	315.33	168	3.60555127546399
214.33	318.33	168	0
243	257.33	170	6.56725970249387
245.67	263.33	170	0
194.33	168.67	170	3.72081980214041
195	172.33	170	0
200.67	161	172	2.98291803440858
198	162.33	172	0
201	205	172	6.11628155009235
198	210.33	172	0
202.67	162.33	175	4.80370690196645
205.33	166.33	175	0
212	153.33	178	3.68571566998865
215.67	153.67	178	0
238	332	178	3.88444333206189
234.67	334	178	0
251	251	181	4.33461647669087
249.33	255	181	0
98.33	273	181	4.01442399355125
98.67	277	181	0
150.67	146	184	3.55028167896574
148.33	148.67	184	0
89.67	233	184	2.10608641798004
90.33	235	184	0
266	330.33	192	5.67000000000002
266	336	192	0
257.33	191	196	4.92183908717059
259.67	195.33	196	0
89	271	196	4.80925150101345
85	273.67	196	0
276.67	203.33	196	4.77866090029417
272.33	205.33	196	0
278	301	196	3.68480664350249
277.67	304.67	196	0
205	172.67	196	4.84608089078177
206.33	177.33	196	0
107	243	198	3.43349675986449
110	244.67	198	0
144.33	254.33	198	3.07390630956765
145	257.33	198	0
288.33	210.67	198	4.21531730715494
287	214.67	198	0
234.67	184	201	4.0699508596542
232.33	187.33	201	0
234.67	260.67	201	4.92590093282434
230.33	263	201	0
144.33	234	201	5.82103942608191
146.67	239.33	201	0
102.33	233	201	5.96135890548457
105	238.33	201	0
173	173.67	201	4.34715999245484
169.33	176	201	0
115.67	205.67	203	3.72081980214039
119	207.33	203	0
278	323.33	203	2.54472002389264
277	325.67	203	0
229.67	163.33	203	6.40312423743285
233.67	168.33	203	0
119.33	186	203	3.77595021153616
122	188.67	203	0
148.33	219.33	203	4.47213595499958
146.33	223.33	203	0
169	195	207	3.33600059952032
167	197.67	207	0
266.67	219.67	207	4.94683737351453
268.33	224.33	207	0
215.33	179.33	207	5.33999999999997
215.33	184.67	207	0
101	210.67	207	3.72081980214039
97.67	212.33	207	0
235	231	207	4.12310562561766
236	235	207	0
140.33	233.33	207	5.54216564169641
135.67	236.33	207	0
185.33	286.33	207	5.90800304671555
183.67	292	207	0
92	218.67	210	6.14564073144534
90.67	224.67	210	0
214	224.67	210	2.69156088543431
216.67	224.33	210	0
241	282.33	210	2.60555176498185
243	284	210	0
238	285.33	210	4.01358941597169
237.67	289.33	210	0
192.33	172	210	4.00943886348204
189.67	175	210	0
284.67	304.67	210	3.32800240384526
286.67	307.33	210	0
175	231.33	210	7.3136105994235
172	238	210	0
130	241.67	215	4.00943886348204
133	244.33	215	0
293	294	215	3.39673372521308
296.33	294.67	215	0
206.33	199	215	5.33000000000001
206.33	204.33	215	0
206.33	214	215	5.66999999999999
206.33	219.67	215	0
214	230.33	220	6.56725970249387
216.67	236.33	220	0
104	254	220	4.53847992173592
106.67	257.67	220	0
261	291.33	220	4.5392179943246
259.67	295.67	220	0
246.33	200.33	220	3
246.33	203.33	220	0
248.33	222.33	226	3.30219623886891
246	224.67	226	0
240.67	233	226	4.80925150101343
238	237	226	0
253.33	259.33	226	4.48206425656751
250	262.33	226	0
242.33	264	226	2.86667054263306
240	262.33	226	0
273.67	236.33	226	4.53921799432454
275	240.67	226	0
216.33	195.67	226	3.47690954728478
215.33	199	226	0
255.33	325	226	5.1764466576987
256.67	330	226	0
193.67	234.67	226	5.26772246801216
190.67	239	226	0
133	256.33	226	2.60555176498184
131.33	258.33	226	0
120.33	279.33	231	3.60555127546399
122.33	282.33	231	0
69.67	27.33	143	3.79853919290034
72	30.33	143	0
39.67	70	146	4.63417738115407
37.33	74	146	0
51	93.67	146	4.21531730715494
49.67	97.67	146	0
86.67	73.33	149	4.17958131874474
84.67	77	149	0
245	136	149	5.08702270488348
247.67	140.33	149	0
32	89.67	151	3.725291934869
33.67	93	151	0
40.33	99	151	3.33
40.33	102.33	151	0
33	29.33	153	5.65685424949238
29	33.33	153	0
27	58	153	4.26823148388182
24.33	61.33	153	0
84.67	85.33	153	3.80380073084803
83.67	89	153	0
45.67	95.33	160	3.90698093161459
44.33	99	160	0
146.33	150.67	160	4.05408436024709
145.67	154.67	160	0
92.33	71	160	2.60555176498184
94	73	160	0
134	29.67	160	3.76888577699032
131.33	32.33	160	0
88	98.67	160	2.68287159588378
86.67	101	160	0
48	104.67	164	2.82842712474619
50	106.67	164	0
201.33	119	164	4.21531730715495
200	123	164	0
297.33	164.33	164	3.4334967598645
299	167.33	164	0
22.67	109.67	164	6.36798241203601
27.33	105.33	164	0
40.33	83	167	5
40.33	88	167	0
45	87	167	3.07065139669094
43	89.33	167	0
247.33	123.67	167	5.67607258586427
251	128	167	0
154	158.67	167	3.72081980214041
150.67	160.33	167	0
156.33	146.67	167	5
156.33	151.67	167	0
148	126.33	167	6.12499795918332
145	131.67	167	0
97.67	152.67	167	4.26980093212789
94.33	155.33	167	0
92.67	99	170	2.85112258592997
90	100	170	0
44.67	87.67	170	3.47690954728477
43.67	91	170	0
78	105.33	173	3.80468132699705
81	107.67	173	0
219.33	109.67	173	5.74766039358624
220.33	115.33	173	0
44.33	13	173	4.48949885844735
47.67	16	173	0
193.67	136.67	173	5.07105511703435
191.67	141.33	173	0
279.67	219.67	173	6.87006550187116
277	226	173	0
55.33	106.33	177	3.33600059952033
53.33	109	177	0
223	307.33	179	5.08024605703308
221	312	179	0
239.67	132.67	179	3.79415339700442
238.67	136.33	179	0
55.33	106	179	3.42864404685001
53.67	109	179	0
30.33	27.33	179	4.00943886348202
27.67	30.33	179	0
66	126.33	182	2.86667054263304
63.67	128	182	0
145	9	182	2.53552755851716
146	11.33	182	0
123.33	122.67	182	3.32800240384528
121.33	125.33	182	0
224	291	182	4.85569768416447
225.33	295.67	182	0
287	179	182	3.07065139669095
285	181.33	182	0
100.67	72.67	185	5.52047099439894
98.33	77.67	185	0
148	21.67	185	4.70933116270241
144.67	25	185	0
142.33	35	185	4.26823148388181
145	38.33	185	0
259.33	129.67	185	3.72529193486902
261	133	185	0
290.33	179	185	4.38152941334417
291	183.33	185	0
275	180.33	185	6.47800123494891
273.67	186.67	185	0
182.33	106.67	185	4.70933116270241
179	110	185	0
234.67	118	185	6.36431457424914
235.33	124.33	185	0
211.67	106	185	3
211.67	109	185	0
48	18	185	3.68480664350248
48.33	14.33	185	0
237.67	318.33	185	3.79853919290035
240	315.33	185	0
140	23	189	3.77595021153616
142.67	25.67	189	0
71	118.67	189	4.01358941597169
70.67	122.67	189	0
98	31.33	189	5.82389903758642
96.67	37	189	0
290.33	214.33	189	3.80380073084804
294	213.33	189	0
162.33	103	193	3.07065139669095
160	105	193	0
164	123	193	3.47690954728477
165	126.33	193	0
230	290.33	193	3.73423352242467
228.33	293.67	193	0
20.33	108.33	193	4.0557243496076
21	112.33	193	0
85	151	193	3.58577746102572
83.67	154.33	193	0
44.67	123	193	5.46239874048023
48	127.33	193	0
27.67	127.33	193	3.28566583815215
26.33	130.33	193	0
295.33	200	193	5.42299732620256
296.33	205.33	193	0
142.67	24	193	3.79853919290035
145	27	193	0
147.33	18.33	197	3.89301939373539
150.67	16.33	197	0
26	110.33	197	2.82842712474619
28	112.33	197	0
75.33	61.33	197	4.21848313970792
76.67	65.33	197	0
53.33	27.67	197	2.97845597583714
54.67	30.33	197	0
286.67	219	197	3.79853919290035
283.67	221.33	197	0
185.33	303	197	1.94650969686769
187	304	197	0
192.67	200.33	197	3.80380073084802
191.67	204	197	0
242	212.67	200	3.79415339700442
241	216.33	200	0
202	194.33	200	4.21531730715495
203.33	198.33	200	0
249.33	168.67	206	3.32800240384531
247.33	171.33	206	0
244.67	180.67	206	2.86900679678525
242.33	182.33	206	0
169	98	206	3.68480664350248
169.33	101.67	206	0
114.67	63.33	206	3.80468132699705
112.33	66.33	206	0
289.67	208.33	206	3.54369863278466
292	211	206	0
292.67	216.67	206	4.80925150101345
290	220.67	206	0
166.67	271.33	210	2.59915370842128
168.33	269.33	210	0
197.33	297	210	3.5436986327847
195	299.67	210	0
237.67	143.67	210	4.53260410801562
236.33	148	210	0
235	164.33	210	3.35626280258263
234.67	167.67	210	0
86.67	84	210	3.07065139669094
89	86	210	0
55	119.67	210	4.33872100969859
52.67	123.33	210	0
263.67	142.67	210	3.6748469355879
267.33	143	210	0
161.67	110	210	5.42852650357351
165.67	106.33	210	0
188	286.33	213	3.33600059952034
190	289	213	0
172.67	249	213	3.07065139669095
170.67	251.33	213	0
262.33	228.67	213	3.30219623886895
264.67	231	213	0
292	222	213	5.26772246801213
296.33	225	213	0
140.67	105	213	4.35252800105868
138.33	108.67	213	0
115.67	179.67	213	5.01087816654925
116	184.67	213	0
154.67	115	213	3.43349675986449
153	118	213	0
181	119.67	213	3.60555127546399
178	121.67	213	0
200.33	301.67	213	3.29511760032931
198	304	213	0
102.33	167	217	3.68571566998865
102.67	170.67	217	0
227.67	175.33	217	4.48949885844732
224.33	178.33	217	0
252.67	291	217	5.5505765466301
249.67	295.67	217	0
239.33	308	217	3.14925387988965
241	310.67	217	0
229.33	305.33	217	4.12310562561766
233.33	306.33	217	0
240.67	187.67	217	4.73239896881066
244.33	190.67	217	0
40.33	57.67	217	3.58577746102571
39	61	217	0
48.67	116.67	217	3.80468132699705
46.33	119.67	217	0
227.33	164.67	217	3.76180807591247
224.67	167.33	217	0
231	152.67	217	3.79853919290035
228.67	155.67	217	0
148.33	126.67	217	3.07065139669094
150.33	129	217	0
228.67	142.67	220	2.34759451353937
230.33	144.33	220	0
164.33	144.67	220	3.34731235471088
164.67	148	220	0
163.33	157	221	7.33924383025936
158.67	162.67	221	0
109	139.67	224	3.34631140212624
109.33	143	224	0
113.33	221.67	224	4.47213595499958
115.33	225.67	224	0
202.33	271.33	224	4.39141207358183
203	275.67	224	0
220.33	273	224	4.80925150101343
223	277	224	0
265.33	225.33	228	4.009438863482
262.67	228.33	228	0
229	285	228	4.48206425656749
226	288.33	228	0
213.67	291	228	2.23606797749979
215.67	292	228	0
116	132.33	228	3.35626280258263
116.33	135.67	228	0
144.33	18.33	228	3.35626280258266
144	21.67	228	0
133.67	25.33	228	4.35252800105869
130	27.67	228	0
143.33	39.33	228	3.72887382462856
142.67	43	228	0
259	192.33	228	4.33999999999997
259	196.67	228	0
262	181.67	228	4.70791886081316
261.33	186.33	228	0
50.33	89.33	228	4.0160801784825
53	92.33	228	0
215.67	275	231	3.16227766016838
216.67	278	231	0
275	204.67	231	3.58577746102572
276.33	208	231	0
154	110.33	231	2.85112258592997
155	113	231	0
71	87.33	231	2.86667054263304
68.67	89	231	0
49	82	234	3.14925387988965
46.33	83.67	234	0
48	101.67	234	3.14396246796936
50.67	103.33	234	0
99.67	202.67	234	2.40740524216427
98.33	204.67	234	0
153	109.33	234	3.73065677863831
153.67	113	234	0
266.33	212.33	234	3.89301939373539
268.33	215.67	234	0
278.33	229.33	234	4.24264068711928
275.33	232.33	234	0
124	14.67	240	4.34255685052021
124.33	19	240	0
210	155.33	240	4.96230793079186
213.67	158.67	240	0
199.67	221.67	244	4.34715999245484
196	224	244	0
247.33	200.67	244	3.43349675986449
249	203.67	244	0
155	239.67	153	4.06420964026219
157.33	243	153	0
128.33	258	155	5.2759454129094
132.67	255	155	0
138	219	159	4.62913598849721
135.67	223	159	0
194.67	265.33	159	4.17958131874475
196.67	269	159	0
155.67	252.67	159	5.38516480713453
157.67	257.67	159	0
129.33	274	164	4.76958069435877
131.33	269.67	164	0
188.33	225.67	166	3.07824625395693
190.67	227.67	166	0
163.67	320.67	169	3.07065139669092
161.67	323	169	0
157.67	219.33	169	3.07824625395693
159.67	221.67	169	0
213.33	258.33	174	3.35626280258269
213	261.67	174	0
109	234.33	174	4.0160801784825
111.67	237.33	174	0
111.33	288.67	176	3.01809542592675
111	291.67	176	0
91.33	223.33	190	3.28566583815213
88.33	224.67	190	0
133	274	196	3.60555127546399
135	277	196	0
88.67	287.67	196	3.13547444575774
90.33	290.33	196	0
153.33	283	196	2.85112258592999
154.33	285.67	196	0
181.33	245	205	5.66823605718745
184	240	205	0
108	197.67	205	2.60555176498184
109.67	195.67	205	0
156	351.33	205	5.01087816654925
155.67	356.33	205	0
202.33	335.33	205	4.21848313970791
203.67	339.33	205	0
198	188.67	205	3.3967337252131
198.67	192	205	0
194	344.33	208	2.82842712474619
192	346.33	208	0
100.67	198.33	208	4.80925150101344
98	202.33	208	0
119.67	284.33	208	3.33600059952033
117	286.33	208	0
107.33	287	208	2.74308220802804
104.67	287.67	208	0
176	272	211	3.5436986327847
178.33	274.67	211	0
157.67	280.33	211	4.53921799432461
159	284.67	211	0
204.33	327.33	213	5
201.33	331.33	213	0
174.33	272.67	213	4.7093311627024
171	276	213	0
147.67	211.33	213	3.80380073084802
146.67	215	213	0
147	190.67	213	2.60555176498184
148.67	192.67	213	0
239.33	232.33	217	3.55028167896574
242	234.67	217	0
235	270.67	217	3.28160021940517
233.67	273.67	217	0
206	197.67	222	3.79853919290035
208.33	200.67	222	0
242.33	259.33	222	4.47213595499958
240.33	263.33	222	0
233.33	257	222	6.74866653495338
235.67	263.33	222	0
216.33	224	222	4.77586641354214
217.33	228.67	222	0
190	334.33	222	3.14925387988965
192.67	336	222	0
138.67	291	222	4.85844625369058
137.33	295.67	222	0
168	349	222	4.26823148388184
164.67	351.67	222	0
212	245.67	226	5.21110352996367
216	242.33	226	0
195	318.33	226	3.73423352242467
193.33	321.67	226	0
99.33	198	226	3.72081980214039
97.67	201.33	226	0
219	209	226	3.54369863278468
216.33	211.33	226	0
70.33	251	226	2.75036361232473
69.67	253.67	226	0
82.67	255.33	229	4.73239896881064
86.33	252.33	229	0
226	304.67	229	4.17080327994498
224	308.33	229	0
117	312.67	229	2.35467619854618
115.33	314.33	229	0
113.67	317.67	229	2.53552755851716
116	318.67	229	0
224.33	218	232	3.73423352242462
227.67	219.67	232	0
175.67	325	232	3.34631140212621
176	328.33	232	0
141	257.33	232	4.21531730715495
142.33	261.33	232	0
157	202	232	4.9555827104388
153.33	205.33	232	0
88	293.33	232	3.4334967598645
91	295	232	0
74.67	260.33	232	3.07824625395698
72.67	262.67	232	0
151	237.33	239	2.69156088543431
149.67	239.67	239	0
131	252.67	239	3.88444333206189
129	256	239	0
143.67	319.33	241	4.24264068711928
146.67	322.33	241	0
101.33	293	241	3.39477539757786
100.67	296.33	241	0
201.33	311.67	241	3.16227766016838
200.33	314.67	241	0
149.67	237	241	4.38001141551025
150.33	241.33	241	0
130.67	213	246	3.33000000000001
130.67	216.33	246	0
111	246.33	246	2.85112258592996
112	249	246	0
194.67	284.33	246	3.07065139669095
197	286.33	246	0
204.67	315.67	246	4.53260410801558
201	318.33	246	0
195	237	250	4.95961692069053
193.33	241.67	250	0
185	208	250	4.01608017848249
182.33	211	250	0
165	332.67	250	3.07065139669095
162.67	334.67	250	0
138.67	243	263	4.12310562561766
142.67	242	263	0
105	242.67	263	4.53260410801563
101.33	245.33	263	0
198.67	308.67	263	3.28566583815213
197.33	311.67	263	0
105.33	282	271	3.28160021940516
104	285	271	0
160.67	275.67	275	2.84176001801697
159.67	278.33	275	0
194	305.67	275	3.34631140212621
194.33	309	275	0
172.67	202	275	3.07174217668085
173.33	205	275	0
175	305	278	4.01608017848251
172	307.67	278	0
114.67	243	278	4.48206425656751
117.67	246.33	278	0
106	253.33	278	3.07824625395693
108	255.67	278	0
143.67	260	279	5.21003838757453
148.33	262.33	279	0
153	276.33	279	4.33461647669087
151.33	280.33	279	0
168.67	297.67	279	3.07065139669092
170.67	300	279	0
114.33	259.33	279	2.60555176498185
116.33	261	279	0
111.67	280	281	4.68236051580825
111.33	284.67	281	0
138.33	311	281	7.79772402691964
135.67	318.33	281	0
177	316.67	281	3.39673372521307
177.67	320	281	0
152.67	251	281	3.72081980214041
156.33	251.67	281	0
136.67	251.67	281	3.16227766016838
135.67	254.67	281	0
128.67	315.33	147	5.66353246657951
131.33	310.33	147	0
136.33	301.67	147	3.60555127546399
138.33	298.67	147	0
184.33	268	147	2.23606797749979
185.33	270	147	0
101	337.33	147	4.12310562561766
102	341.33	147	0
130.33	296.67	149	4.17080327994498
132.33	300.33	149	0
81.67	360.33	149	3.16227766016838
82.67	363.33	149	0
147	344.33	152	3.07824625395698
145	346.67	152	0
131	362	152	4.53847992173592
128.33	365.67	152	0
214.33	321.67	152	5.8309518948453
219.33	324.67	152	0
238	310.33	152	3.73065677863833
237.33	314	152	0
172.33	317.33	154	5
175.33	321.33	154	0
165.67	351.67	154	4.38152941334414
165	356	154	0
207.67	353.33	154	5.26835837809085
209.33	358.33	154	0
236.67	322.33	154	5.01087816654925
237	327.33	154	0
147.33	343.67	154	4.24264068711928
144.33	346.67	154	0
242.33	313.67	154	5.08178118379766
239.67	318	154	0
200.33	375	159	2.86667054263306
198	376.67	159	0
190	382.33	159	2.13490046606395
188.67	384	159	0
228.67	304	161	3.68571566998868
228.33	307.67	161	0
232.67	304.33	161	3.90356247548315
234	308	161	0
190.33	252.33	161	4.07240715056831
188	255.67	161	0
165	368.67	161	3.5857774610257
163.67	372	161	0
75.67	312.67	161	2.53552755851715
74.67	315	161	0
78.67	307.67	167	5.20469979921993
82	311.67	167	0
146.67	321.33	167	3.14925387988965
145	324	167	0
144	384.33	167	5.59504244845384
142.33	389.67	167	0
255.33	318	183	4.71781729192644
256	322.67	183	0
137.33	382	183	4.91709263691461
135	386.33	183	0
85.67	337	183	3.14925387988966
84	339.67	183	0
163	380	187	4.21531730715495
164.33	384	187	0
237.33	257.33	187	4.68164501003655
237	262	187	0
218.33	368	187	4.34715999245486
216	371.67	187	0
150.67	403.33	193	5.42852650357352
146.67	407	193	0
221.33	306	193	6.33859605906543
221	312.33	193	0
237.33	291.67	193	2.82842712474619
235.33	293.67	193	0
103	376	199	6.01239552923792
101	381.67	199	0
88.67	350.67	199	5.72752127887795
92	355.33	199	0
151.67	388	204	3.76888577699036
154.33	390.67	204	0
216.67	275.33	204	2.69156088543436
218	277.67	204	0
149	283	209	4.03209622901041
152.67	284.67	209	0
141	305	209	6.01239552923792
139	310.67	209	0
107.67	309.33	209	3.59877757023134
106.33	312.67	209	0
122.67	414	209	2.68287159588377
124	416.33	209	0
209	306.67	213	5.93951176444664
213.67	303	213	0
107.33	347.33	217	4.95961692069056
109	352	217	0
104	348	217	3.60555127546399
102	351	217	0
111.67	342.33	217	2.13490046606394
113	344	217	0
68.33	351.67	217	2.10924156985396
69	353.67	217	0
74.33	363.33	217	2.60555176498185
76.33	365	217	0
192.33	279.67	217	3.14396246796933
195	281.33	217	0
163.67	308	217	3.89416229759369
167.33	306.67	217	0
103	332.33	219	5.5162396612185
100.67	337.33	219	0
116	379	219	3.60555127546399
119	377	219	0
108.67	319.67	219	3.4334967598645
107	322.67	219	0
112	333.67	219	4.9481814841414
108.67	337.33	219	0
165.67	384	227	3.88444333206187
167.67	387.33	227	0
174	331.67	232	4.7079188608131
174.67	336.33	232	0
156.67	309.33	232	2.60555176498185
154.67	311	232	0
203.33	295.67	232	4.33872100969858
201	299.33	232	0
191.67	303.67	232	3.33600059952032
189	305.67	232	0
227	310.33	232	4.26823148388184
223.67	313	232	0
183.67	376.67	232	4.07240715056829
180.33	379	232	0
224.67	346	232	4.92183908717054
222.33	350.33	232	0
137.67	323.33	235	4
137.67	327.33	235	0
142.67	303.67	235	3.89301939373539
139.33	305.67	235	0
132.67	297	235	3.32999999999998
132.67	300.33	235	0
163.33	338	235	3.07390630956768
164	341	235	0
179	354.33	235	2.14114455373757
180.67	355.67	235	0
183.67	312	235	5.5505765466301
180.67	316.67	235	0
209	308	235	2.13490046606391
210.67	306.67	235	0
146.33	372.33	238	4.71640753116186
143	375.67	238	0
103	341.33	238	3.77595021153618
100.33	344	238	0
173.67	332	231	4.76958069435877
175.67	336.33	231	0
116	300.67	231	3.32800240384526
114	303.33	231	0
172.33	154.33	128	3.72977211100087
170.67	157.67	128	0
185	137.33	128	5.20469979921994
189	134	128	0
240.67	136.67	131	7.17527002976196
238	143.33	131	0
341	69.33	131	5.93951176444665
344.67	74	131	0
353.33	84	133	3.80380073084803
354.33	87.67	133	0
307	97	133	4.03209622901042
308.67	100.67	133	0
255.33	168.67	133	2.69156088543433
257.67	170	133	0
255.67	174.33	133	3.55028167896574
253.33	177	133	0
271	185.67	137	4.52965782372135
269.67	190	137	0
205.33	220.67	137	5.3851648071345
203.33	225.67	137	0
151	185	137	3.43349675986449
149.33	188	137	0
342.33	142.67	137	3.67000000000002
346	142.67	137	0
387.67	93.67	139	5.54216564169639
384.67	98.33	139	0
445.33	75.33	139	6.19641832028792
441.67	80.33	139	0
241	128.67	139	2.12708721024788
242.33	130.33	139	0
133	197	139	4.7401371288181
129.33	200	139	0
205.67	147.67	145	2.86667054263304
208	146	145	0
211.67	171	145	2.23606797749979
213.67	172	145	0
348.67	171.33	145	2.69156088543432
348.33	174	145	0
441.33	61.33	145	2.82842712474619
439.33	63.33	145	0
162.33	242.33	145	4.24264068711928
159.33	245.33	145	0
125	157	156	3.07065139669094
122.67	159	156	0
140	142.33	156	2.86667054263304
137.67	144	156	0
187.67	106.67	156	4.00943886348202
184.67	109.33	156	0
412.33	153.67	156	4.12310562561766
413.33	157.67	156	0
404.67	48.67	156	4.38001141551023
405.33	53	156	0
354.67	139	156	3.39673372521311
354	142.33	156	0
332.67	65.33	159	3.07824625395695
334.67	67.67	159	0
440.67	102.33	159	3.9069809316146
439.33	106	159	0
166.33	227.33	159	2.98291803440858
165	230	159	0
465.33	221.67	159	3.39477539757788
464.67	225	159	0
101.67	222.33	160	3.40653783187562
101	225.67	160	0
103	211.33	160	2.98291803440858
101.67	214	160	0
324	76.67	160	2.68287159588377
322.67	79	160	0
252.33	151	160	4.66999999999999
252.33	155.67	160	0
166.33	228	160	2.6828715958838
165	230.33	160	0
459.33	231.67	160	2.23606797749979
458.33	233.67	160	0
435	52	163	2.68287159588377
437.33	50.67	163	0
390.33	83.33	163	4.02796474661834
394	81.67	163	0
416	131	163	4.80925150101345
413.33	135	163	0
228	103.67	163	4.33461647669087
229.67	107.67	163	0
380.33	113.67	163	3.89416229759366
379	117.33	163	0
408.67	127	169	4.63417738115409
406.33	131	169	0
426.67	218.33	169	4.33872100969858
430.33	216	169	0
433	223.67	169	3.28160021940515
431.67	226.67	169	0
314	71.67	169	3.79415339700439
313	75.33	169	0
431.67	59.33	169	4.38989749310846
432.33	63.67	169	0
457.33	98.33	169	3.79853919290033
455	101.33	169	0
179.33	123.33	169	4.17958131874474
177.33	127	169	0
345	172	169	4.12310562561766
346	176	169	0
317	173	169	2.66999999999999
317	175.67	169	0
167.33	159.33	169	3.55028167896574
170	161.67	169	0
282.33	139.33	169	2.987390165345
285	140.67	169	0
390.33	204	169	4.53847992173592
394	206.67	169	0
338.33	129.67	169	3.01920519342426
338.67	132.67	169	0
338	77.67	169	4.12310562561766
337	81.67	169	0
345.67	86.33	169	3.14078015785885
348.33	88	169	0
155	202.67	172	4.21531730715495
153.67	206.67	172	0
123.67	156.33	172	3.33600059952032
125.67	159	172	0
318	113.33	172	2.54472002389261
317	115.67	172	0
327.33	108	175	2.13490046606392
326	109.67	175	0
464.67	60.33	175	2.69651627104309
462.33	61.67	175	0
101.67	187.67	175	3.79415339700442
100.67	191.33	175	0
429	202.33	179	5.26772246801213
433.33	205.33	179	0
429.33	210.33	179	3.32800240384526
426.67	212.33	179	0
446.33	76.67	179	3.54276727996634
448.67	79.33	179	0
158.67	144	179	2.98291803440858
160	146.67	179	0
152.33	126.67	179	4.17080327994501
150.33	130.33	179	0
143.67	123	179	3.14925387988964
142	125.67	179	0
115.33	219	179	3.14925387988964
117	221.67	179	0
399.33	155.33	179	2.85112258592996
400.33	158	179	0
282.33	138	179	3.39673372521311
283	141.33	179	0
417	220.67	183	2.68287159588379
418.33	223	183	0
455.33	111.67	183	3.76888577699034
458	114.33	183	0
444.67	54.67	189	4
444.67	58.67	189	0
236.67	245.67	189	3.89301939373539
233.33	247.67	189	0
328.67	114.67	194	4.80925150101344
332.67	112	194	0
341.33	103.67	194	2.40185345098321
340	105.67	194	0
221	99.33	194	4.01608017848249
218.33	102.33	194	0
251.33	116.33	196	2.87480434116828
253	118.67	196	0
405.67	54.33	196	2.98291803440858
407	57	196	0
236	277.67	196	2.60555176498184
237.67	279.67	196	0
385	211.33	202	4.35252800105869
388.67	213.67	202	0
189.33	209.33	202	3.48648820448311
192.67	210.33	202	0
198.67	216.67	202	5.58549908244555
197	222	202	0
183.67	239.33	202	2.98739016534497
181	240.67	202	0
236.67	282.33	202	5.74766039358627
242.33	281.33	202	0
265.33	237	202	2.75036361232472
264.67	239.67	202	0
233	251.33	206	2.98291803440858
231.67	254	206	0
210.33	132.67	212	4.92590093282435
214.67	135	212	0
218.33	140	212	2.13490046606393
217	141.67	212	0
345	44	212	3.5857774610257
343.67	47.33	212	0
395	210.67	212	4.62913598849721
399	213	212	0
185.33	202.33	212	3.35726078820216
185.67	205.67	212	0
283.67	237.33	219	6.70820393249937
289.67	234.33	219	0
357.33	103.67	219	3.66
357.33	107.33	219	0
217.67	247.67	222	4.47213595499958
219.67	251.67	222	0
345.67	89.33	222	3.4334967598645
344	92.33	222	0
357.33	81.67	222	4.73239896881064
354.33	85.33	222	0
438.67	57	222	4.32999999999998
443	57	222	0
452.33	201	226	4.71640753116186
455.67	197.67	226	0
450.33	206	226	3.68571566998866
450.67	209.67	226	0
371.67	93.33	226	2.85112258592997
370.67	96	226	0
214	114.33	226	4.12310562561766
215	118.33	226	0
422	134.67	226	3.29511760032931
419.67	137	226	0
121.33	224.67	231	4.38001141551025
120.67	229	231	0
185	156	231	3.33600059952032
187.67	158	231	0
352.67	139.67	231	4.76958069435877
357	137.67	231	0
357.33	60.67	231	3.01809542592675
357	63.67	231	0
358.67	49.33	231	4.0160801784825
361.67	52	231	0
334.67	106.67	234	3.89301939373543
331.33	108.67	234	0
343.67	103.67	234	4.00943886348202
346.67	106.33	234	0
360	35.67	234	3.79415339700439
359	39.33	234	0
352	39.67	234	2.68039176241086
351.67	42.33	234	0
171.33	146.67	236	4.7401371288181
175	143.67	236	0
333.67	91.67	236	4.0160801784825
336.67	89	236	0
337.33	82	236	3.80468132699707
339.67	79	236	0
269	193.33	236	3.16227766016838
272	192.33	236	0
36	166	146	7.51783213433236
34.33	173.33	146	0
35.67	147.67	146	4.02299639572299
34	151.33	146	0
31.33	160	146	3.76888577699032
28.67	162.67	146	0
39.33	136	146	5.73566038046188
44	139.33	146	0
27.67	153.67	148	3.54369863278469
25	156	148	0
31	183.33	148	2.10924156985396
30.33	185.33	148	0
24	147.67	151	4.02299639572299
22.33	151.33	151	0
23	202.67	160	3.01809542592675
23.33	205.67	160	0
58.67	141.67	160	3.79415339700442
59.67	145.33	160	0
46	177.67	160	4.48206425656751
49	181	160	0
43.33	202.33	167	4.7401371288181
40.33	206	167	0
69	171	167	3.16227766016838
68	174	167	0
65.33	181.67	167	4.12310562561766
64.33	185.67	167	0
35	180	167	4.01608017848249
38	182.67	167	0
63.67	208	178	5.52047099439894
61.33	213	178	0
34.33	204	179	4.01608017848249
31.33	206.67	179	0
19	143	186	4.80925150101344
21.67	147	186	0
43	113	212	3.54369863278468
40.67	115.67	212	0
27.67	237.33	212	4.71640753116181
28.33	242	212	0
22.67	197	215	2.35467619854622
22.33	199.33	215	0
60	222.67	229	3.80468132699703
63	220.33	229	0
73.67	215.67	229	4.24264068711928
76.67	212.67	229	0
56.67	142.67	233	4.05408436024708
57.33	146.67	233	0
67.67	148	233	2.35325306756414
68	150.33	233	0
61.33	218.33	240	2.59915370842128
63.33	216.67	240	0
79	200	242	2.68287159588379
77.67	202.33	242	0
26.33	168.67	251	2.86085651510174
24	170.33	251	0
28.33	171.67	251	3.32800240384528
25.67	173.67	251	0
43.33	213.33	255	3.90356247548312
42	217	255	0
46	214.67	268	4.33461647669087
47.67	218.67	268	0
165	351	210	4.7401371288181
168.67	348	210	0
63.67	405.33	210	6.29003179642203
69	408.67	210	0
126.67	334	213	4.17958131874475
128.67	337.67	213	0
59.67	414	213	2.68287159588377
62	415.33	213	0
89.67	441	213	2.33
92	441	213	0
103	440.33	213	3.33600059952033
105.67	438.33	213	0
157	396.33	213	4.53921799432461
158.33	400.67	213	0
131.33	406.67	213	4.38152941334414
132	411	213	0
128	422.67	213	3.07174217668084
131	423.33	213	0
115.33	440.67	216	2.59915370842124
113.33	442.33	216	0
164.67	367	216	3.88444333206187
162.67	370.33	216	0
79.33	287.67	216	3.01920519342426
79.67	290.67	216	0
21	434.33	216	4.77586641354217
20	439	216	0
151.33	436.33	220	5
151.33	441.33	220	0
112.67	438.33	220	4.93063890383388
108.33	440.67	220	0
88.67	382.33	220	2.841760018017
91.33	381.33	220	0
102.67	357	220	5.75750814154875
101.67	362.67	220	0
69.67	386.67	220	5.55057654663009
65	389.67	220	0
145.67	445	220	3.4334967598645
142.67	446.67	220	0
51.33	441	220	4.80925150101345
55.33	443.67	220	0
78.33	369.33	220	2.23606797749979
76.33	370.33	220	0
154.67	359	223	1.66000000000003
156.33	359	223	0
153	348.33	223	3.68571566998866
149.33	348.67	223	0
128.33	385.67	223	3.34631140212621
128	389	223	0
154	402.67	223	4.62913598849721
156.33	406.67	223	0
70.33	286	223	2.23606797749979
71.33	288	223	0
115.33	295.33	223	4.03209622901043
117	299	223	0
127.67	373	226	2.75036361232476
128.33	375.67	226	0
153.67	358.33	226	3.76888577699036
156.33	361	226	0
141	410.67	228	5.26772246801213
138	415	228	0
62.67	375.67	228	5.55057654663009
58	378.67	228	0
112	438.67	228	2.13490046606392
110.33	440	228	0
115	427	228	2.02704218012354
115.33	429	228	0
76	386.33	228	2.10924156985396
76.67	388.33	228	0
97.33	401.33	228	3.72081980214037
94	399.67	228	0
157.33	381.33	228	4.01608017848251
160.33	384	228	0
57.33	418	228	7.32560577699893
63.67	414.33	228	0
128.67	412.67	232	5.20469979921991
124.67	416	232	0
109	429	232	4.01608017848251
112	431.67	232	0
115.67	426.67	232	4.7079188608131
115	431.33	232	0
99	360.33	232	3.60555127546399
101	363.33	232	0
5	356.33	232	4.39141207358183
5.67	360.67	232	0
71.33	389.33	232	4.0557243496076
75.33	390	232	0
147.33	380.67	232	4.92183908717054
149.67	385	232	0
83.33	379	232	4.17958131874475
85.33	382.67	232	0
89	379.33	232	3.4334967598645
90.67	382.33	232	0
83	370	232	3.60555127546399
80	368	232	0
53	300	236	3.725291934869
49.67	301.67	236	0
48.67	401	236	2.42167297544485
49.33	403.33	236	0
149.67	383.67	236	3.33000000000001
153	383.67	236	0
97.33	372.67	236	3.72081980214035
98	376.33	236	0
98.67	344	239	3.9069809316146
97.33	347.67	239	0
6	369	239	2.42441745580251
6.67	371.33	239	0
15.67	369.33	239	4.24264068711928
12.67	372.33	239	0
108	400.33	239	2.60555176498185
110	402	239	0
135	345.67	239	4.76608854302978
134	350.33	239	0
104	415.33	241	4.39141207358183
103.33	419.67	241	0
93.67	357.33	241	2.60555176498185
95.67	359	241	0
152	384.67	241	2.85112258592996
154.67	385.67	241	0
50	294.33	244	3.90356247548315
51.33	298	244	0
81.33	387	247	3.80380073084804
82.33	390.67	247	0
101.67	426.67	247	2.34759451353931
103.33	428.33	247	0
90.33	392.33	250	4.67000000000002
90.33	397	250	0
86.67	395	250	3.76888577699034
89.33	397.67	250	0
118	441.67	250	4.6291359884972
120.33	445.67	250	0
63	401	252	4.12310562561766
67	402	252	0
42.67	310.67	252	4.44397344726539
41.67	315	252	0
50.67	334.67	252	4.34255685052019
51	339	252	0
128.67	416	254	4.01608017848249
126	419	254	0
34.33	412.33	254	5.09901951359278
35.33	417.33	254	0
45	399.67	257	3.2951176003293
47.33	402	257	0
118.67	411.33	257	3.80380073084804
119.67	415	257	0
35.33	411.33	259	5.75750814154875
36.33	417	259	0
57	388.67	259	3.79415339700437
56	392.33	259	0
49.33	392.33	259	2.69651627104309
50.67	394.67	259	0
111.33	417.33	259	4.01442399355125
111.67	421.33	259	0
71	389	261	3.54369863278467
68.33	391.33	261	0
61.33	352.67	262	5.817026731931
59	358	262	0
44	333.67	262	3.6748469355879
43.67	337.33	262	0
46.67	344.67	262	2.97397041007469
48	347.33	262	0
36.33	409.33	262	3.89301939373543
38.33	412.67	262	0
77	351.67	262	3.2951176003293
74.67	354	262	0
160.67	213.33	148	7.69920775145078
160	221	148	0
151.67	180.67	148	3.58949857222426
150.33	184	148	0
178.67	221.67	148	3.58949857222426
177.33	225	148	0
164.33	244	154	3.07065139669095
166.33	241.67	154	0
168	215.33	157	4.62913598849721
165.67	219.33	157	0
124.67	203.67	159	3.32800240384531
126.67	206.33	159	0
204.33	218.33	159	4.02796474661832
202.67	222	159	0
182	216	159	4.91709263691464
184.33	220.33	159	0
148	250.67	159	3.32800240384531
150	253.33	159	0
188.33	197.33	165	2.98291803440858
187	200	165	0
203.67	176.67	165	4.94683737351455
205.33	181.33	165	0
129.33	206.33	169	3.77595021153615
132	209	169	0
192.33	253.67	172	3.73423352242462
195.67	252	172	0
206.67	221.67	177	3.01920519342425
206.33	224.67	177	0
188.67	178.33	180	5.7414719367075
184	181.67	180	0
168	243.67	184	4.12310562561766
167	247.67	184	0
165	119.33	188	3.14925387988964
167.67	121	188	0
142.67	230.67	188	4.5245110233041
145.33	234.33	188	0
238.33	229	195	5.8309518948453
243.33	226	195	0
236	235.67	213	4.47213595499958
240	233.67	213	0
217	153	219	3.29511760032933
219.33	155.33	219	0
131.33	137.67	235	4.33461647669087
133	141.67	235	0
107.33	200	235	3.07390630956768
108	203	235	0
109.67	216	235	4.02299639572296
113.33	217.67	235	0
118.33	220.67	235	3.79415339700442
119.33	224.33	235	0
117	235.33	235	3.40653783187562
116.33	238.67	235	0
140.67	228	240	4.24264068711928
137.67	231	240	0
143.67	248	243	4.34255685052022
148	248.33	243	0
219.33	149.67	255	6.54658689700214
221	156	255	0
153.67	200	264	4.02299639572299
157.33	201.67	264	0
158.67	230	264	4.48206425656751
162	227	264	0
150	227	269	3.66999999999999
150	230.67	269	0
169.33	168.33	272	3.72887382462855
168.67	172	272	0
155	215.33	275	6.14889420953068
159.67	219.33	275	0
360.67	269.67	154	3.80468132699707
358.33	272.67	154	0
345.33	248.33	154	5.75750814154873
344.33	254	154	0
330.33	268	154	4.47213595499958
332.33	272	154	0
379.67	299	157	6.36535937712866
379	305.33	157	0
292.67	256	157	3.54369863278468
290	258.33	157	0
344	248.33	157	4.03209622901041
342.33	252	157	0
279.67	253	163	5.34083326832058
279.33	258.33	163	0
337.33	323	163	6.22539958556878
335.67	329	163	0
312	288.33	169	5.37938658213
316.67	291	169	0
389.33	297.33	172	2.54472002389264
390.33	299.67	172	0
371	236	174	4.26823148388184
368.33	239.33	174	0
380.33	242.33	174	2.40185345098321
379	244.33	174	0
286	240.33	179	3.07390630956768
285.33	243.33	179	0
393.67	249.33	179	2.75036361232472
394.33	252	179	0
270.33	273.67	206	2.87480434116832
272	271.33	206	0
309.67	330	206	3.16227766016838
312.67	331	206	0
274.33	224.67	208	5.89840656448843
272.67	230.33	208	0
384.33	236	213	5.68370477769564
388.67	232.33	213	0
407.33	264	216	5.49343244247163
406	269.33	216	0
324	302.67	216	4.52965782372133
322.67	307	216	0
424	257	216	3.32999999999998
424	260.33	216	0
418	255.67	216	4.64088353656932
419.67	260	216	0
296.67	189.33	219	3.07824625395693
294.67	191.67	219	0
254.33	255.67	225	4.01608017848251
257	258.67	225	0
250.67	255.67	225	2.86900679678523
248.33	257.33	225	0
384.67	316.33	225	4.17958131874475
381	318.33	225	0
304	318	227	5.46239874048021
299.67	321.33	227	0
256	275.67	233	5.09901951359278
255	280.67	233	0
333.33	237	235	3.88444333206189
331.33	240.33	235	0
294.67	226.33	239	5.09553726313525
292	230.67	239	0
361.67	196	239	4.71781729192644
357	196.67	239	0
370	319	239	3
373	319	239	0
339.67	212.67	239	3.32800240384531
337.67	215.33	239	0
325	257	239	5.70944830960052
330.67	256.33	239	0
273.67	230.33	244	5.21003838757449
278.33	228	244	0
304.33	245	249	2.85112258592999
307	246	249	0
288.67	273	249	5.66823605718746
286	278	249	0
293.33	253	249	3.73423352242467
296.67	254.67	249	0
304.33	324.67	254	4.21531730715494
303	328.67	254	0
326.67	293.67	256	3.58949857222426
325.33	297	256	0
309	202.67	258	4.67166993697117
308.67	207.33	258	0
368	248.33	258	5.74147193670752
372.67	251.67	258	0
362.67	251	258	3.66999999999999
362.67	254.67	258	0
314.67	250	258	5.42852650357352
311	254	258	0
316	246.33	258	4.47213595499958
312	244.33	258	0
295	252.67	258	4.76608854302981
296	257.33	258	0
347.67	252.33	261	5.68370477769563
344	256.67	261	0
318.67	217.67	264	3.01920519342426
318.33	220.67	264	0
355.67	283.67	267	4.53260410801561
352	286.33	267	0
348.33	291	267	5.42852650357352
352	295	267	0
318.33	322	270	5.20469979921992
315	326	270	0
348	222.67	273	5.90122868562135
346.33	228.33	273	0
342.67	249	275	6.87346346465888
338.33	254.33	275	0
345	233	275	4.12310562561766
344	237	275	0
326.67	237.67	275	4.64088353656932
325	242	275	0
324	249	275	5.42299732620256
325	254.33	275	0
347.33	223	275	4.12310562561766
346.33	227	275	0
367.67	290.67	275	4.009438863482
364.67	293.33	275	0
334.33	302.67	275	3.89416229759363
330.67	304	275	0
313.33	302.67	275	2.68039176241083
310.67	303	275	0
360.33	281.67	279	2.12708721024782
359	283.33	279	0
347.67	235.33	279	2.32999999999998
350	235.33	279	0
471.33	332.67	177	4.009438863482
468.33	335.33	177	0
460.67	333.33	177	5.90216909279972
456.67	337.67	177	0
455	350	180	4.71781729192644
450.33	349.33	180	0
464.33	344.67	180	2.59915370842124
462.67	346.67	180	0
450.33	367	180	4.02796474661832
448.67	370.67	180	0
466.67	376.67	183	5.20469979921992
462.67	380	183	0
443.67	354	186	2.86667054263304
442	356.33	186	0
464.67	358	190	4.71640753116184
461.33	361.33	190	0
446.67	398	190	2.75036361232475
447.33	400.67	190	0
468.33	393.67	192	3.89416229759363
464.67	395	192	0
432.33	395	192	3.88444333206187
434.33	398.33	192	0
447.67	317	199	6.26720033188666
445	322.67	199	0
452.33	431.33	202	5.67959505598772
452	437	202	0
422	370.33	202	4.01608017848251
419.33	373.33	202	0
455.67	380	204	3.77595021153619
453	382.67	204	0
457	388	204	2.85112258592999
454.33	389	204	0
459	391	204	3.60555127546399
457	394	204	0
472.67	357	204	3.47690954728476
471.67	360.33	204	0
477.33	344.67	204	3.88444333206187
475.33	348	204	0
457.33	325.67	210	3.59506606337077
460.67	327	210	0
425	396.67	210	5.42299732620253
426	402	210	0
431	408.67	210	3.54369863278468
428.33	411	210	0
454	423.67	210	6.3685006084635
449.33	428	210	0
438	391.67	210	4.34715999245485
441.67	394	210	0
450.67	410.33	215	4.35252800105873
447	412.67	215	0
436	399.67	218	4.64088353656929
434.33	404	218	0
427.67	418.33	220	6.41474083654205
424.67	424	220	0
434.33	405	220	5.93165238361115
429.67	408.67	220	0
417	336.67	229	5.66961197966842
417.33	342.33	229	0
417	364.67	229	3.14396246796936
414.33	366.33	229	0
412	358.33	234	5.5505765466301
407.33	361.33	234	0
419.33	351	235	6.41474083654205
422.33	356.67	235	0
428.67	320	235	4.24264068711928
425.67	323	235	0
414.33	386.67	240	5.09030450955541
418.67	389.33	240	0
448	318	244	4.03209622901043
444.33	319.67	244	0
401	408	245	5.26772246801213
405.33	411	245	0
396.67	385.33	248	5.91082058601005
395	391	248	0
420.67	408.67	252	3.07065139669092
422.67	411	252	0
395.67	419.33	256	4.06995085965421
399	421.67	256	0
441.67	346	270	3.14925387988967
440	348.67	270	0
