      106.33       70.33      180.00
      108.67       66.33      180.00
       74.67       55.33      192.00
       76.00       52.67      192.00
       81.00       18.00      195.00
       81.00       15.67      195.00
       49.33       12.00      199.00
       48.00       15.33      199.00
       57.67       31.33      206.00
       59.33       34.33      206.00
       37.33      110.00      209.00
       40.00      112.00      209.00
       12.00       85.00      217.00
       14.67       88.00      217.00
      146.00       39.00      218.00
      147.67       31.67      218.00
      138.67       37.33      218.00
      140.33       40.00      218.00
       81.33       70.33      222.00
       84.33       67.00      222.00
      179.33      114.33      194.00
      180.33      111.67      194.00
      219.67      141.33      200.00
      219.00      136.67      200.00
      159.33      116.33      200.00
      159.67      113.00      200.00
      136.67      186.67      212.00
      134.33      191.67      212.00
      109.00      174.00      212.00
      109.67      171.00      212.00
      111.00      162.67      212.00
      112.00      160.33      212.00
      154.67      125.33      216.00
      158.33      123.00      216.00
      115.33      186.00      216.00
      118.33      188.67      216.00
      188.00      159.33      228.00
      190.00      162.33      228.00
      136.00      165.00      233.00
      137.67      162.33      233.00
      282.67       66.67      213.00
      284.67       72.33      213.00
      278.00       15.67      213.00
      279.00       11.33      213.00
      220.33       31.33      242.00
      219.67       34.67      242.00
      255.67       46.67      255.00
      254.33       49.00      255.00
      120.67       78.00      285.00
      121.33       82.33      285.00
       31.00       64.33      155.00
       32.33       68.00      155.00
        7.33       47.33      158.00
        7.00       50.67      158.00
       55.67       14.00      173.00
       58.00       18.00      173.00
       67.67       71.00      176.00
       70.00       73.67      176.00
       46.00       45.33      224.00
       46.33       49.00      224.00
       59.00       40.67      226.00
       58.33       44.00      226.00
       76.33       91.67      226.00
       74.33       94.33      226.00
       34.00       67.33      252.00
       35.33       70.33      252.00
       40.00       66.33      252.00
       39.33       69.00      252.00
       35.67       92.00      253.00
       39.00       88.67      253.00
      160.33      189.67      119.00
      255.00      189.67      119.00
      258.33      192.67      119.00
      160.33      184.67      119.00
      168.67      168.00      121.00
      172.33      164.67      121.00
      221.00      216.00      124.00
      222.67      213.33      124.00
      239.67      230.67      131.00
      240.00      228.00      131.00
      269.00      183.67      131.00
      271.00      181.00      131.00
      155.00      218.00      140.00
      156.00      213.00      140.00
      213.00      236.33      142.00
      213.33      240.00      142.00
      223.33      128.67      143.00
      225.67      125.67      143.00
      159.00      204.33      157.00
      160.67      201.33      157.00
      215.33      159.33      158.00
      217.00      162.33      158.00
      159.00      208.00      159.00
      160.33      210.00      159.00
      169.00      216.00      159.00
      171.33      219.67      159.00
      175.00      195.33      159.00
      172.00      199.67      159.00
      137.00      170.00      168.00
      139.33      173.67      168.00
      204.00      197.33      168.00
      206.00      202.00      168.00
      260.33      123.00      168.00
      261.67      121.00      168.00
      184.67      162.00      174.00
      187.67      163.00      174.00
      148.33      234.67      180.00
      150.33      237.67      180.00
      207.33      174.33      182.00
      208.67      178.33      182.00
      198.00      180.67      183.00
      196.00      184.67      183.00
      242.00      116.00      183.00
      244.00      118.00      183.00
      179.33       97.67      190.00
      182.67       95.33      190.00
      191.33      176.00      202.00
      193.67      179.67      202.00
      138.00      122.67      209.00
      140.67      120.67      209.00
      149.00      152.67      209.00
      151.00      151.67      209.00
      187.67      149.67      221.00
      187.33      152.67      221.00
      191.67      189.67      221.00
      189.00      192.67      221.00
      168.67      149.33      223.00
      168.00      152.67      223.00
      243.00      233.00      223.00
      244.33      235.67      223.00
      193.67      143.33      223.00
      191.00      146.67      223.00
      147.33      154.33      226.00
      146.00      158.33      226.00
      124.00      170.33      228.00
      125.33      174.67      228.00
      258.00      108.67      230.00
      260.33      105.67      230.00
      186.67      223.33      235.00
      186.67      218.67      235.00
      121.67      149.00      235.00
      123.33      153.00      235.00
      133.67      154.67      237.00
      134.33      159.33      237.00
      236.33       98.00      237.00
      238.33      101.00      237.00
      269.67      117.67      237.00
      271.67      120.00      237.00
      156.67      147.33      237.00
      156.67      151.33      237.00
      166.67      175.33      241.00
      168.67      178.33      241.00
      214.00      181.00      241.00
      216.33      183.67      241.00
      222.00      201.00      241.00
      222.67      206.00      241.00
      168.00      178.67      242.00
      251.33      140.00      242.00
      251.67      144.33      242.00
      166.33      175.00      242.00
      137.00      146.33      245.00
      139.00      144.00      245.00
      177.00       98.67      245.00
      179.00       97.00      245.00
      264.00      163.67      257.00
      267.00      161.33      257.00
      208.00       96.00      257.00
      210.33      101.33      257.00
      231.67      167.33      257.00
      232.67      170.33      257.00
      154.00      185.33      257.00
      157.33      187.00      257.00
      239.67      123.00      260.00
      239.33      127.67      260.00
      151.00      174.67      262.00
      153.00      175.33      262.00
      232.00      177.67      262.00
      232.33      182.67      262.00
      169.67      139.67      262.00
      171.33      143.33      262.00
      234.33      191.00      265.00
      234.67      193.33      265.00
      240.00      114.00      268.00
      244.67      117.67      268.00
      248.67      114.67      268.00
      247.33      118.00      268.00
      161.00      187.67      271.00
      163.67      191.00      271.00
      206.00      130.67      271.00
      209.33      131.67      271.00
      165.33      172.67      272.00
      167.67      176.67      272.00
      129.67      288.00      149.00
      131.33      290.67      149.00
      150.67      345.67      150.00
      152.67      343.33      150.00
      133.00      283.00      151.00
      134.67      285.67      151.00
      158.67      304.67      151.00
      157.00      307.67      151.00
      151.67      282.33      170.00
      154.33      283.33      170.00
      163.33      287.00      170.00
      164.67      290.00      170.00
      170.33      315.33      174.00
      171.67      319.33      174.00
      149.33      340.67      174.00
      147.33      342.00      174.00
      163.33      320.00      177.00
      166.00      321.67      177.00
      156.67      352.33      187.00
      154.33      354.33      187.00
      123.33      289.33      193.00
      126.00      290.33      193.00
      148.33      349.67      233.00
      148.67      354.33      233.00
      174.67      328.33      266.00
      175.00      333.33      266.00
      181.67      321.00      266.00
      178.67      323.33      266.00
      181.33      315.33      266.00
      178.67      314.00      266.00
      224.67      408.67      144.00
      230.33      403.33      144.00
      215.00      436.33      149.00
      216.33      440.00      149.00
      277.33      302.33      153.00
      279.33      300.00      153.00
      273.33      346.33      186.00
      270.67      350.67      186.00
      269.33      323.67      191.00
      268.67      328.67      191.00
      272.00      376.33      205.00
      272.33      381.67      205.00
      208.67      256.33      152.00
      209.00      259.67      152.00
      190.33      243.33      152.00
      192.00      245.00      152.00
      182.67      241.00      153.00
      184.33      236.33      153.00
      215.00      231.00      154.00
      214.00      235.33      154.00
      153.00      295.33      158.00
      152.00      288.67      158.00
      179.33      260.67      162.00
      182.33      256.00      162.00
      162.67      236.33      164.00
      161.33      238.67      164.00
      175.33      297.00      164.00
      173.67      298.67      164.00
      217.67      308.33      175.00
      216.00      312.67      175.00
      206.33      246.00      175.00
      210.33      248.67      175.00
      184.00      235.00      175.00
      184.33      238.00      175.00
      167.33      247.00      192.00
      166.33      250.67      192.00
      161.00      298.00      198.00
      163.00      295.33      198.00
      116.33      218.67      199.00
      118.67      216.33      199.00
      115.67      309.33      200.00
      118.33      305.33      200.00
      111.33      240.67      202.00
      109.00      245.00      202.00
      130.00      216.33      205.00
      127.67      219.00      205.00
      121.00      220.33      205.00
      118.67      224.33      205.00
      102.00      235.33      205.00
      107.67      238.00      205.00
      156.00      193.33      205.00
      156.33      197.00      205.00
      237.00      259.33      205.00
      237.33      263.00      205.00
       87.67      274.00      211.00
       86.33      276.33      211.00
      149.33      204.00      211.00
      147.00      208.00      211.00
      170.33      281.33      211.00
      173.00      284.00      211.00
      245.33      328.33      211.00
      243.00      329.67      211.00
      123.00      198.00      213.00
      125.67      196.00      213.00
      122.00      200.00      218.00
      124.00      202.33      218.00
      160.00      303.33      221.00
      163.67      300.33      221.00
      129.33      204.67      223.00
      131.33      202.67      223.00
      123.33      188.33      224.00
      121.00      192.33      224.00
      131.67      203.00      224.00
      129.00      203.67      224.00
      144.00      194.33      226.00
      143.00      200.33      226.00
       99.67      277.67      227.00
      101.00      280.67      227.00
      184.67      343.33      228.00
      188.67      348.33      228.00
      131.00      215.67      232.00
      129.33      219.33      232.00
      201.33      228.00      232.00
      199.67      231.67      232.00
      247.33      209.67      232.00
      250.67      212.00      232.00
      101.33      214.33      232.00
       99.67      216.67      232.00
      174.33      187.33      235.00
      177.67      189.33      235.00
      158.33      344.33      235.00
      155.67      347.67      235.00
      263.67      235.00      235.00
      261.67      238.67      235.00
       35.67      290.33      236.00
       38.67      292.00      236.00
       99.00      262.33      262.00
       99.33      267.33      262.00
      106.33      278.00      279.00
      107.67      273.67      279.00
       45.33      378.67      281.00
       46.67      381.67      281.00
      199.00      246.33      283.00
      198.33      249.33      283.00
      116.67      286.67      300.00
      119.67      289.00      300.00
      164.67      236.00      305.00
      161.67      238.00      305.00
      153.67      245.67      305.00
      153.00      249.33      305.00
      210.67      229.00      305.00
      211.67      234.67      305.00
      244.67      314.33      152.00
      247.33      313.67      152.00
      226.33      247.67      156.00
      225.33      254.00      156.00
      218.00      310.33      156.00
      217.33      314.33      156.00
      276.67      334.00      156.00
      276.67      340.33      156.00
      231.33      253.67      160.00
      233.67      256.00      160.00
      192.00      280.33      177.00
      194.67      283.67      177.00
      200.00      292.33      177.00
      202.00      294.67      177.00
      182.00      273.00      177.00
      184.00      275.33      177.00
      212.00      326.33      177.00
      210.00      328.67      177.00
      200.00      341.00      178.00
      197.00      344.67      178.00
      303.67      265.67      178.00
      306.00      262.33      178.00
      298.67      315.67      186.00
      302.67      321.00      186.00
      181.00      266.33      186.00
      181.67      270.33      186.00
      312.00      273.00      186.00
      311.67      278.33      186.00
      262.00      341.33      191.00
      264.00      344.67      191.00
      258.33      343.00      191.00
      254.67      345.00      191.00
      193.67      261.00      191.00
      191.67      263.33      191.00
      255.33      303.67      191.00
      255.33      307.67      191.00
      196.67      248.67      191.00
      196.33      253.00      191.00
      240.00      217.67      191.00
      240.33      222.00      191.00
      302.33      319.33      198.00
      299.00      324.00      198.00
      166.67      313.00      202.00
      170.67      309.67      202.00
      184.67      261.00      207.00
      188.67      258.00      207.00
      190.33      243.33      213.00
      192.00      245.00      213.00
      292.33      239.67      214.00
      294.33      243.33      214.00
      289.67      237.33      214.00
      288.33      240.00      214.00
      165.00      277.67      216.00
      162.67      281.00      216.00
      173.33      255.33      217.00
      171.33      259.33      217.00
      227.67      374.67      223.00
      225.33      379.00      223.00
      168.00      336.00      225.00
      170.33      333.00      225.00
      158.67      277.00      225.00
      157.00      279.67      225.00
      166.00      341.67      231.00
      167.33      343.67      231.00
      296.67      266.67      233.00
      299.67      268.00      233.00
      232.67      239.67      233.00
      232.00      242.33      233.00
      207.00      366.00      234.00
      207.67      370.00      234.00
      184.67      248.33      236.00
      185.33      252.67      236.00
      302.00      247.00      236.00
      304.67      250.33      236.00
      206.67      313.33      236.00
      206.00      315.67      236.00
      183.00      359.00      238.00
      185.00      360.67      238.00
      171.33      314.00      241.00
      171.67      317.33      241.00
      320.67      283.00      250.00
      326.33      282.67      250.00
      267.67      298.00      254.00
      268.67      302.00      254.00
      240.67      279.33      259.00
      240.00      282.00      259.00
      320.00      325.67      279.00
      319.00      328.67      279.00
      228.00      310.67      295.00
      229.33      314.00      295.00
      283.33      266.67      295.00
      280.00      268.33      295.00
      274.33      234.33      132.00
      275.33      232.00      132.00
      280.33      239.67      132.00
      282.33      242.67      132.00
      308.33      223.00      140.00
      311.33      225.67      140.00
      253.67      192.00      140.00
      251.33      194.33      140.00
      246.67      203.67      140.00
      246.00      207.00      140.00
      202.00      229.67      145.00
      205.00      233.33      145.00
      310.67      233.67      145.00
      310.67      237.33      145.00
      227.67      188.67      145.00
      227.67      192.33      145.00
      247.67      189.00      151.00
      246.33      193.00      151.00
      208.67      165.00      151.00
      206.00      168.00      151.00
      194.00      271.00      151.00
      196.00      276.00      151.00
      213.67      170.67      153.00
      212.33      174.00      153.00
      300.67      192.00      153.00
      302.33      195.00      153.00
      252.67      278.33      155.00
      255.00      276.33      155.00
      190.00      279.00      155.00
      187.00      281.67      155.00
      272.67      217.00      155.00
      274.33      221.33      155.00
      315.33      210.33      155.00
      313.00      212.33      155.00
      321.00      190.33      155.00
      322.67      193.00      155.00
      214.67      203.00      155.00
      213.67      207.33      155.00
      192.67      196.33      155.00
      191.00      198.67      155.00
      195.00      154.33      158.00
      198.33      157.67      158.00
      232.67      159.33      158.00
      230.67      163.33      158.00
      215.33      174.00      158.00
      213.67      176.33      158.00
      306.67      213.00      158.00
      307.67      215.67      158.00
      218.33      163.67      159.00
      218.00      168.00      159.00
      242.00      211.67      160.00
      245.00      214.67      160.00
      233.00      238.00      160.00
      232.00      241.33      160.00
      264.67      278.33      160.00
      261.67      280.67      160.00
      203.00      156.67      161.00
      206.33      160.67      161.00
      194.33      149.33      164.00
      196.67      151.33      164.00
      188.33      132.67      164.00
      190.67      134.67      164.00
      211.67      145.00      164.00
      211.00      147.00      164.00
      276.00      234.33      164.00
      273.33      237.67      164.00
      180.33      166.67      167.00
      184.00      163.33      167.00
      200.33      120.67      168.00
      202.33      118.33      168.00
      198.00      210.67      169.00
      201.00      210.00      169.00
      198.33      216.00      169.00
      200.00      219.33      169.00
      198.00      204.00      169.00
      196.33      206.67      169.00
      181.67      166.33      169.00
      183.33      169.00      169.00
      193.33      286.00      188.00
      190.00      289.33      188.00
      215.00      257.67      188.00
      214.33      260.67      188.00
      156.00      254.33      194.00
      160.33      255.67      194.00
      196.00      212.67      194.00
      198.00      216.33      194.00
      152.00      256.33      198.00
      152.00      262.00      198.00
      230.00      126.67      200.00
      231.33      130.67      200.00
      167.00      151.00      212.00
      165.67      154.33      212.00
      195.67      126.33      212.00
      192.33      129.00      212.00
      254.33      159.67      233.00
      255.67      164.67      233.00
      292.67      259.67      240.00
      291.67      262.67      240.00
      289.00      258.00      240.00
      287.00      260.67      240.00
      178.00      146.33      240.00
      178.33      149.00      240.00
      223.67      238.67      240.00
      224.67      241.33      240.00
      231.00      253.00      247.00
      230.67      257.67      247.00
      279.00      171.67      253.00
      281.67      175.33      253.00
      229.33      177.00      253.00
      232.67      174.00      253.00
      184.67      147.00      255.00
      188.33      149.33      255.00
      213.67      171.00      255.00
      214.33      165.67      255.00
      290.33      162.33      255.00
      291.33      165.67      255.00
      248.33      136.67      255.00
      250.67      139.33      255.00
      282.00      201.67      257.00
      280.67      205.67      257.00
      273.33      143.00      257.00
      271.00      146.00      257.00
      206.33      177.33      263.00
      209.67      179.67      263.00
      258.00      179.00      273.00
      260.00      183.00      273.00
      216.67      178.67      277.00
      215.00      181.33      277.00
      240.67      253.33      277.00
      238.33      255.67      277.00
      113.33      192.00       61.00
      115.67      189.67       61.00
      118.67      221.00       61.00
      117.67      223.67       61.00
       80.33      281.00       66.00
       80.00      285.67       66.00
       87.00      286.00       66.00
       84.33      288.67       66.00
      233.00      228.00       68.00
      235.67      232.00       68.00
      215.00      220.33       74.00
      216.33      224.67       74.00
      149.67      211.33       76.00
      148.67      214.67       76.00
      262.00      285.00       77.00
      265.00      287.33       77.00
      112.67      224.00       84.00
      110.33      227.33       84.00
      102.67      210.33       84.00
       99.67      213.00       84.00
      223.33      226.33       84.00
      225.00      228.33       84.00
      134.00      372.00       84.00
      134.33      376.00       84.00
      134.33      372.67       85.00
      134.33      376.00       85.00
      160.33      331.00       89.00
      163.00      332.33       89.00
      299.67      319.67       90.00
      302.67      322.00       90.00
       46.33      201.33       90.00
       49.33      204.00       90.00
       17.67      259.00       90.00
       21.33      258.00       90.00
      218.00      232.33       90.00
      219.33      228.00       90.00
      194.33      376.33       90.00
      196.67      373.00       90.00
      202.67      209.33       93.00
      206.33      212.33       93.00
       76.67      412.33       93.00
       77.33      408.67       93.00
      258.33      248.33       93.00
      259.33      252.00       93.00
      128.00      407.67       96.00
      131.00      409.67       96.00
       16.67      247.33       96.00
       15.67      249.67       96.00
      262.00      309.67       96.00
      268.00      307.00       96.00
      251.67      408.33       96.00
      252.33      411.33       96.00
      237.33      269.00       96.00
      236.33      272.33       96.00
      153.67      384.33       96.00
      153.00      386.33       96.00
      148.67      366.00       96.00
      147.67      369.00       96.00
      266.33      349.00       96.00
      269.00      345.00       96.00
       44.67      227.67       96.00
       40.67      231.00       96.00
      165.00      294.00       96.00
      162.67      297.67       96.00
       82.33      252.00       98.00
       80.33      256.67       98.00
      178.67      385.00      102.00
      178.33      390.33      102.00
      107.33      298.67      104.00
      106.33      303.67      104.00
      272.00      367.00      104.00
      272.00      373.33      104.00
      265.00      251.00      104.00
      266.33      256.67      104.00
      136.33      182.67      104.00
      134.33      186.00      104.00
       96.67      384.33      107.00
      101.67      386.00      107.00
      101.67      401.33      111.00
       99.67      406.33      111.00
      143.00      395.33      113.00
      149.33      391.33      113.00
      213.00      245.33      115.00
      216.33      240.33      115.00
      195.00      361.00      115.00
      199.67      356.00      115.00
      118.67      210.00      119.00
      119.00      212.33      119.00
      167.33      192.67      119.00
      165.67      195.33      119.00
      149.33      244.00      122.00
      151.33      248.33      122.00
      115.00      403.33      122.00
      112.33      406.33      122.00
      270.33      290.00      130.00
      268.00      294.67      130.00
       97.00      397.00      130.00
       95.67      400.67      130.00
      157.67      238.00      143.00
      157.00      244.33      143.00
       87.00      406.33      143.00
       85.33      410.33      143.00
      166.00      199.33      145.00
      165.00      201.33      145.00
      261.67      336.33      145.00
      260.33      339.67      145.00
      193.33      234.33      149.00
      190.67      238.33      149.00
       87.00      412.67      151.00
       89.67      418.33      151.00
      117.67      212.67      151.00
      115.67      215.33      151.00
      137.67      326.33      156.00
      137.67      331.33      156.00
      246.00      297.33      156.00
      246.00      301.00      156.00
      226.00      290.33      157.00
      222.67      295.33      157.00
      305.00      338.67      159.00
      305.33      342.67      159.00
      126.00      423.33      159.00
      126.33      420.00      159.00
      161.33      251.00      159.00
      159.00      253.67      159.00
       89.67      436.00      163.00
       90.33      439.00      163.00
      173.67      332.67      163.00
      174.33      336.33      163.00
      175.33      329.33      166.00
      178.00      331.00      166.00
      210.67      252.67      166.00
      213.67      254.33      166.00
      104.00      409.33      168.00
      105.33      414.33      168.00
      195.00      268.67      180.00
      193.67      273.33      180.00
       97.33      433.00      180.00
       94.33      437.00      180.00
      204.67      246.33      180.00
      201.67      251.00      180.00
      316.67      314.67      181.00
      317.33      319.67      181.00
      210.67      319.33      181.00
      209.33      322.67      181.00
      114.67      416.00      184.00
      113.67      418.00      184.00
      144.33      308.00      184.00
      147.00      305.67      184.00
      278.33      342.33      184.00
      278.67      347.33      184.00
      163.67      392.67      184.00
      161.00      395.67      184.00
      127.67      428.00      184.00
      130.67      427.00      184.00
      124.67      240.67      184.00
      127.00      242.67      184.00
      155.67      409.67      187.00
      158.00      403.33      187.00
      271.33      280.67      187.00
      271.33      284.00      187.00
      300.33      360.67      187.00
      298.00      364.33      187.00
      165.67      238.33      187.00
      165.67      242.33      187.00
      169.67      241.33      187.00
      166.67      243.33      187.00
      278.67      397.33      187.00
      279.33      399.33      187.00
      177.33      290.33      190.00
      179.33      287.33      190.00
      298.00      333.33      190.00
      301.67      330.33      190.00
      187.33      403.67      191.00
      189.33      401.00      191.00
      299.33      318.00      191.00
      304.67      313.33      191.00
      222.00      243.33      191.00
      225.33      246.33      191.00
      225.00      248.67      191.00
      225.67      246.00      191.00
      232.67      262.00      191.00
      233.33      265.00      191.00
      220.00      337.00      196.00
      217.67      339.33      196.00
      256.67      411.00      200.00
      259.00      412.00      200.00
      305.00      371.67      203.00
      309.00      369.00      203.00
      132.67      302.33      123.00
      135.33      297.33      123.00
      138.33      291.33      123.00
      140.33      288.33      123.00
      180.00      265.33      130.00
      183.00      263.00      130.00
      124.67      290.00      130.00
      127.67      294.00      130.00
      135.33      337.00      141.00
      133.00      340.00      141.00
      204.33      272.33      143.00
      207.67      274.33      143.00
      207.67      333.00      152.00
      211.33      330.67      152.00
      229.67      287.33      157.00
      231.33      289.33      157.00
      134.33      327.00      157.00
      132.00      329.00      157.00
      217.67      306.67      164.00
      215.00      310.00      164.00
      212.67      299.33      164.00
      209.00      305.00      164.00
      208.67      316.67      164.00
      207.67      320.00      164.00
      201.00      334.00      169.00
      198.67      339.67      169.00
      220.67      342.33      169.00
      218.67      348.00      169.00
      216.33      224.00      169.00
      219.00      226.00      169.00
       77.33      277.00      169.00
       76.33      280.67      169.00
      155.00      364.67      175.00
      156.67      361.67      175.00
      219.33      337.33      179.00
      221.00      335.33      179.00
      164.67      277.00      179.00
      169.33      279.33      179.00
      235.33      270.33      181.00
      237.33      276.00      181.00
      248.00      301.33      181.00
      246.00      304.00      181.00
      221.00      351.00      181.00
      218.33      352.33      181.00
      163.67      361.00      181.00
      164.67      363.33      181.00
      188.00      211.00      184.00
      185.67      212.67      184.00
      160.67      299.33      194.00
      162.00      302.33      194.00
      169.67      356.33      194.00
      173.67      359.00      194.00
       71.33      258.67      203.00
       69.67      262.33      203.00
      128.33      372.00      206.00
      131.33      372.67      206.00
      146.67      355.33      206.00
      149.00      360.33      206.00
      108.00      226.33      211.00
      107.00      231.00      211.00
       93.33      339.67      211.00
       96.33      342.33      211.00
      208.67      240.67      212.00
      208.00      246.00      212.00
      114.67      240.67      212.00
      115.33      235.00      212.00
      232.00      313.67      212.00
      235.33      310.67      212.00
      172.33      226.67      212.00
      175.67      223.33      212.00
      107.33      226.67      212.00
      107.33      230.67      212.00
      160.67      270.67      216.00
      158.33      274.33      216.00
      190.33      218.33      216.00
      189.67      223.00      216.00
      126.33      312.67      216.00
      126.00      316.33      216.00
      175.33      350.33      216.00
      178.00      351.33      216.00
      234.33      305.33      220.00
      233.33      310.00      220.00
      232.67      304.00      220.00
      230.33      305.00      220.00
      162.33      272.67      220.00
      159.00      276.00      220.00
      189.67      226.33      225.00
      192.33      228.67      225.00
      144.67      290.33      225.00
      148.67      294.00      225.00
       86.67      318.33      228.00
       90.33      324.33      228.00
      176.00      356.33      231.00
      178.67      354.33      231.00
       88.33      318.67      231.00
       88.67      322.33      231.00
      212.33      240.33      231.00
      210.33      243.33      231.00
      174.00      348.67      233.00
      172.33      352.67      233.00
      201.33      275.00      233.00
      202.67      282.00      233.00
      177.67      257.00      233.00
      176.00      260.67      233.00
      177.00      269.33      233.00
      176.00      275.00      233.00
      124.67      325.00      242.00
      121.00      327.33      242.00
      180.67      341.33      242.00
      178.67      344.33      242.00
      251.33      279.33      242.00
      251.67      283.33      242.00
      215.00      322.33      242.00
      217.00      325.33      242.00
      173.00      236.67      242.00
      175.00      239.67      242.00
      184.33      224.33      245.00
      187.33      225.33      245.00
      132.33      260.67      245.00
      134.67      264.33      245.00
      151.67      327.67      247.00
      154.33      331.67      247.00
      106.67      304.33      251.00
      104.00      309.00      251.00
      184.00      265.00      278.00
      185.00      270.33      278.00
      181.67      250.67      278.00
      179.33      252.67      278.00
      188.00      306.67      278.00
      186.33      310.33      278.00
      155.67      287.33      281.00
      152.67      290.00      281.00
      210.00      208.00      147.00
      212.67      206.00      147.00
      218.00      215.33      147.00
      220.67      214.67      147.00
      224.33      223.00      147.00
      225.00      219.67      147.00
      219.00      231.00      147.00
      219.00      234.00      147.00
      225.33      230.33      147.00
      227.33      231.67      147.00
      201.67      230.67      147.00
      202.67      234.00      147.00
      210.00      243.00      147.00
      212.00      247.33      147.00
      220.33      209.00      147.00
      221.67      212.00      147.00
      223.00      206.67      147.00
      225.67      209.00      147.00
      205.00      277.67      147.00
      208.67      275.67      147.00
      247.67      274.33      147.00
      246.67      276.67      147.00
      230.67      259.33      150.00
      232.67      259.00      150.00
      237.00      238.33      150.00
      237.33      241.00      150.00
      199.67      222.67      150.00
      198.00      226.67      150.00
      217.67      217.67      154.00
      215.00      222.67      154.00
      283.67      253.00      157.00
      281.33      260.33      157.00
      221.33      182.67      157.00
      220.33      186.00      157.00
      251.33      230.67      157.00
      253.67      235.33      157.00
      201.00      247.67      157.00
      198.67      250.67      157.00
      247.33      270.67      157.00
      249.33      275.33      157.00
      211.67      190.67      162.00
      210.33      194.00      162.00
      197.67      236.33      162.00
      195.33      241.67      162.00
      232.67      222.00      162.00
      234.00      226.33      162.00
      203.00      232.00      162.00
      203.00      236.00      162.00
      186.67      258.00      162.00
      187.00      261.67      162.00
      205.33      219.33      163.00
      205.33      221.67      163.00
      247.33      280.00      164.00
      247.33      283.67      164.00
      238.00      265.33      164.00
      237.00      269.33      164.00
      230.00      229.33      167.00
      232.33      232.00      167.00
      202.00      192.67      167.00
      199.00      196.67      167.00
      212.33      245.00      167.00
      210.00      248.33      167.00
      253.00      227.67      167.00
      250.33      230.33      167.00
      272.33      266.00      167.00
      269.67      269.00      167.00
      236.33      187.33      167.00
      234.67      191.00      167.00
      253.67      188.00      167.00
      256.00      191.00      167.00
      282.33      212.33      167.00
      284.67      213.67      167.00
      272.33      211.00      173.00
      273.67      216.67      173.00
      177.33      261.00      173.00
      179.33      264.67      173.00
      182.33      265.67      175.00
      183.67      263.33      175.00
      172.33      261.33      184.00
      172.67      264.33      184.00
      177.67      273.33      184.00
      179.33      276.00      184.00
      271.00      252.33      184.00
      273.00      248.33      184.00
      199.00      246.67      184.00
      202.00      243.67      184.00
      175.00      215.33      184.00
      171.00      220.00      184.00
      190.67      206.33      200.00
      195.67      210.00      200.00
      212.00      268.00      209.00
      215.33      264.67      209.00
      236.33      296.67      209.00
      240.00      299.33      209.00
      196.67      181.00      213.00
      198.67      176.67      213.00
      168.00      191.33      213.00
      169.33      189.00      213.00
      163.00      199.67      213.00
      162.00      201.67      213.00
      183.67      231.00      229.00
      181.00      233.67      229.00
      220.67      298.33      230.00
      222.00      302.67      230.00
      196.67      179.67      230.00
      194.33      184.00      230.00
      236.00      249.00      230.00
      235.33      252.33      230.00
      207.00      226.67      241.00
      203.67      229.33      241.00
      200.00      196.00      241.00
      202.67      198.00      241.00
      195.00      213.33      244.00
      192.67      217.67      244.00
      163.00      236.33      246.00
      166.00      237.67      246.00
      192.67      204.00      250.00
      193.00      210.00      250.00
      291.67      266.00      250.00
      295.00      264.00      250.00
      187.33      210.33      251.00
      185.67      214.33      251.00
      299.33      235.67      251.00
      297.00      239.67      251.00
      286.00      249.00      251.00
      288.00      251.67      251.00
      197.67      178.33      251.00
      198.00      181.67      251.00
      206.00      246.67      259.00
      209.67      249.33      259.00
      263.67      274.33      259.00
      262.33      278.00      259.00
      213.00      222.00      265.00
      209.33      224.33      265.00
      197.00      239.67      275.00
      200.00      237.67      275.00
      224.33      199.00      275.00
      220.67      201.67      275.00
      187.33      184.33      275.00
      183.33      187.00      275.00
      183.67      236.67      275.00
      183.67      242.00      275.00
      201.33      276.00      279.00
      200.33      282.67      279.00
      241.67      196.67      279.00
      244.00      194.00      279.00
      209.33      205.00      288.00
      209.00      210.67      288.00
      225.00      276.67      288.00
      222.33      281.00      288.00
      224.00      198.00      290.00
      226.33      200.33      290.00
      201.00      217.33      290.00
      200.67      221.67      290.00
      136.33      269.33      131.00
      137.67      273.67      131.00
      184.67      325.67      131.00
      187.00      329.67      131.00
      198.00      281.33      136.00
      196.00      286.67      136.00
      198.33      198.67      136.00
      196.67      201.33      136.00
      227.67      247.00      136.00
      226.67      253.00      136.00
      115.33      204.00      138.00
      112.67      205.67      138.00
      190.33      172.00      138.00
      190.67      179.00      138.00
      287.67      282.67      141.00
      289.00      290.33      141.00
      215.00      184.67      141.00
      216.33      187.67      141.00
       96.67      246.33      141.00
       95.00      251.00      141.00
      214.67      318.67      141.00
      217.67      315.67      141.00
      251.33      198.33      145.00
      248.33      199.33      145.00
      259.67      210.67      145.00
      258.00      214.33      145.00
      270.67      224.33      145.00
      268.67      226.67      145.00
      117.33      204.67      145.00
      115.33      208.00      145.00
      115.67      213.33      145.00
      117.00      216.67      145.00
      188.67      218.67      145.00
      186.67      225.00      145.00
       97.00      197.00      145.00
       96.00      204.00      145.00
      105.33      235.33      145.00
      105.00      239.00      145.00
      106.67      224.33      145.00
      106.33      228.00      145.00
      200.33      199.67      145.00
      199.33      203.00      145.00
      197.67      247.67      145.00
      196.67      250.00      145.00
      201.33      236.33      145.00
      203.33      238.33      145.00
      159.33      206.00      149.00
      158.33      210.00      149.00
      228.33      205.67      149.00
      225.67      207.67      149.00
       97.00      210.00      155.00
      100.00      204.00      155.00
      192.33      277.00      157.00
      192.00      281.00      157.00
      168.00      157.00      157.00
      170.67      156.00      157.00
      281.00      233.00      157.00
      283.67      238.33      157.00
      278.33      219.33      159.00
      278.67      221.33      159.00
      279.33      189.33      159.00
      281.67      191.67      159.00
      113.33      221.33      159.00
      111.67      225.00      159.00
      222.00      304.67      159.00
      222.67      301.33      159.00
      251.33      249.00      165.00
      254.67      252.67      165.00
      257.33      241.67      165.00
      256.00      251.33      165.00
      114.00      207.00      165.00
      112.67      210.33      165.00
      136.67      272.67      165.00
      140.67      275.33      165.00
      108.33      199.33      168.00
      111.00      201.33      168.00
      212.33      315.33      168.00
      214.33      318.33      168.00
      243.00      257.33      170.00
      245.67      263.33      170.00
      194.33      168.67      170.00
      195.00      172.33      170.00
      200.67      161.00      172.00
      198.00      162.33      172.00
      201.00      205.00      172.00
      198.00      210.33      172.00
      202.67      162.33      175.00
      205.33      166.33      175.00
      212.00      153.33      178.00
      215.67      153.67      178.00
      238.00      332.00      178.00
      234.67      334.00      178.00
      251.00      251.00      181.00
      249.33      255.00      181.00
       98.33      273.00      181.00
       98.67      277.00      181.00
      150.67      146.00      184.00
      148.33      148.67      184.00
       89.67      233.00      184.00
       90.33      235.00      184.00
      266.00      330.33      192.00
      266.00      336.00      192.00
      257.33      191.00      196.00
      259.67      195.33      196.00
       89.00      271.00      196.00
       85.00      273.67      196.00
      276.67      203.33      196.00
      272.33      205.33      196.00
      278.00      301.00      196.00
      277.67      304.67      196.00
      205.00      172.67      196.00
      206.33      177.33      196.00
      107.00      243.00      198.00
      110.00      244.67      198.00
      144.33      254.33      198.00
      145.00      257.33      198.00
      288.33      210.67      198.00
      287.00      214.67      198.00
      234.67      184.00      201.00
      232.33      187.33      201.00
      234.67      260.67      201.00
      230.33      263.00      201.00
      144.33      234.00      201.00
      146.67      239.33      201.00
      102.33      233.00      201.00
      105.00      238.33      201.00
      173.00      173.67      201.00
      169.33      176.00      201.00
      115.67      205.67      203.00
      119.00      207.33      203.00
      278.00      323.33      203.00
      277.00      325.67      203.00
      229.67      163.33      203.00
      233.67      168.33      203.00
      119.33      186.00      203.00
      122.00      188.67      203.00
      148.33      219.33      203.00
      146.33      223.33      203.00
      169.00      195.00      207.00
      167.00      197.67      207.00
      266.67      219.67      207.00
      268.33      224.33      207.00
      215.33      179.33      207.00
      215.33      184.67      207.00
      101.00      210.67      207.00
       97.67      212.33      207.00
      235.00      231.00      207.00
      236.00      235.00      207.00
      140.33      233.33      207.00
      135.67      236.33      207.00
      185.33      286.33      207.00
      183.67      292.00      207.00
       92.00      218.67      210.00
       90.67      224.67      210.00
      214.00      224.67      210.00
      216.67      224.33      210.00
      241.00      282.33      210.00
      243.00      284.00      210.00
      238.00      285.33      210.00
      237.67      289.33      210.00
      192.33      172.00      210.00
      189.67      175.00      210.00
      284.67      304.67      210.00
      286.67      307.33      210.00
      175.00      231.33      210.00
      172.00      238.00      210.00
      130.00      241.67      215.00
      133.00      244.33      215.00
      293.00      294.00      215.00
      296.33      294.67      215.00
      206.33      199.00      215.00
      206.33      204.33      215.00
      206.33      214.00      215.00
      206.33      219.67      215.00
      214.00      230.33      220.00
      216.67      236.33      220.00
      104.00      254.00      220.00
      106.67      257.67      220.00
      261.00      291.33      220.00
      259.67      295.67      220.00
      246.33      200.33      220.00
      246.33      203.33      220.00
      248.33      222.33      226.00
      246.00      224.67      226.00
      240.67      233.00      226.00
      238.00      237.00      226.00
      253.33      259.33      226.00
      250.00      262.33      226.00
      242.33      264.00      226.00
      240.00      262.33      226.00
      273.67      236.33      226.00
      275.00      240.67      226.00
      216.33      195.67      226.00
      215.33      199.00      226.00
      255.33      325.00      226.00
      256.67      330.00      226.00
      193.67      234.67      226.00
      190.67      239.00      226.00
      133.00      256.33      226.00
      131.33      258.33      226.00
      120.33      279.33      231.00
      122.33      282.33      231.00
       69.67       27.33      143.00
       72.00       30.33      143.00
       39.67       70.00      146.00
       37.33       74.00      146.00
       51.00       93.67      146.00
       49.67       97.67      146.00
       86.67       73.33      149.00
       84.67       77.00      149.00
      245.00      136.00      149.00
      247.67      140.33      149.00
       32.00       89.67      151.00
       33.67       93.00      151.00
       40.33       99.00      151.00
       40.33      102.33      151.00
       33.00       29.33      153.00
       29.00       33.33      153.00
       27.00       58.00      153.00
       24.33       61.33      153.00
       84.67       85.33      153.00
       83.67       89.00      153.00
       45.67       95.33      160.00
       44.33       99.00      160.00
      146.33      150.67      160.00
      145.67      154.67      160.00
       92.33       71.00      160.00
       94.00       73.00      160.00
      134.00       29.67      160.00
      131.33       32.33      160.00
       88.00       98.67      160.00
       86.67      101.00      160.00
       48.00      104.67      164.00
       50.00      106.67      164.00
      201.33      119.00      164.00
      200.00      123.00      164.00
      297.33      164.33      164.00
      299.00      167.33      164.00
       22.67      109.67      164.00
       27.33      105.33      164.00
       40.33       83.00      167.00
       40.33       88.00      167.00
       45.00       87.00      167.00
       43.00       89.33      167.00
      247.33      123.67      167.00
      251.00      128.00      167.00
      154.00      158.67      167.00
      150.67      160.33      167.00
      156.33      146.67      167.00
      156.33      151.67      167.00
      148.00      126.33      167.00
      145.00      131.67      167.00
       97.67      152.67      167.00
       94.33      155.33      167.00
       92.67       99.00      170.00
       90.00      100.00      170.00
       44.67       87.67      170.00
       43.67       91.00      170.00
       78.00      105.33      173.00
       81.00      107.67      173.00
      219.33      109.67      173.00
      220.33      115.33      173.00
       44.33       13.00      173.00
       47.67       16.00      173.00
      193.67      136.67      173.00
      191.67      141.33      173.00
      279.67      219.67      173.00
      277.00      226.00      173.00
       55.33      106.33      177.00
       53.33      109.00      177.00
      223.00      307.33      179.00
      221.00      312.00      179.00
      239.67      132.67      179.00
      238.67      136.33      179.00
       55.33      106.00      179.00
       53.67      109.00      179.00
       30.33       27.33      179.00
       27.67       30.33      179.00
       66.00      126.33      182.00
       63.67      128.00      182.00
      145.00        9.00      182.00
      146.00       11.33      182.00
      123.33      122.67      182.00
      121.33      125.33      182.00
      224.00      291.00      182.00
      225.33      295.67      182.00
      287.00      179.00      182.00
      285.00      181.33      182.00
      100.67       72.67      185.00
       98.33       77.67      185.00
      148.00       21.67      185.00
      144.67       25.00      185.00
      142.33       35.00      185.00
      145.00       38.33      185.00
      259.33      129.67      185.00
      261.00      133.00      185.00
      290.33      179.00      185.00
      291.00      183.33      185.00
      275.00      180.33      185.00
      273.67      186.67      185.00
      182.33      106.67      185.00
      179.00      110.00      185.00
      234.67      118.00      185.00
      235.33      124.33      185.00
      211.67      106.00      185.00
      211.67      109.00      185.00
       48.00       18.00      185.00
       48.33       14.33      185.00
      237.67      318.33      185.00
      240.00      315.33      185.00
      140.00       23.00      189.00
      142.67       25.67      189.00
       71.00      118.67      189.00
       70.67      122.67      189.00
       98.00       31.33      189.00
       96.67       37.00      189.00
      290.33      214.33      189.00
      294.00      213.33      189.00
      162.33      103.00      193.00
      160.00      105.00      193.00
      164.00      123.00      193.00
      165.00      126.33      193.00
      230.00      290.33      193.00
      228.33      293.67      193.00
       20.33      108.33      193.00
       21.00      112.33      193.00
       85.00      151.00      193.00
       83.67      154.33      193.00
       44.67      123.00      193.00
       48.00      127.33      193.00
       27.67      127.33      193.00
       26.33      130.33      193.00
      295.33      200.00      193.00
      296.33      205.33      193.00
      142.67       24.00      193.00
      145.00       27.00      193.00
      147.33       18.33      197.00
      150.67       16.33      197.00
       26.00      110.33      197.00
       28.00      112.33      197.00
       75.33       61.33      197.00
       76.67       65.33      197.00
       53.33       27.67      197.00
       54.67       30.33      197.00
      286.67      219.00      197.00
      283.67      221.33      197.00
      185.33      303.00      197.00
      187.00      304.00      197.00
      192.67      200.33      197.00
      191.67      204.00      197.00
      242.00      212.67      200.00
      241.00      216.33      200.00
      202.00      194.33      200.00
      203.33      198.33      200.00
      249.33      168.67      206.00
      247.33      171.33      206.00
      244.67      180.67      206.00
      242.33      182.33      206.00
      169.00       98.00      206.00
      169.33      101.67      206.00
      114.67       63.33      206.00
      112.33       66.33      206.00
      289.67      208.33      206.00
      292.00      211.00      206.00
      292.67      216.67      206.00
      290.00      220.67      206.00
      166.67      271.33      210.00
      168.33      269.33      210.00
      197.33      297.00      210.00
      195.00      299.67      210.00
      237.67      143.67      210.00
      236.33      148.00      210.00
      235.00      164.33      210.00
      234.67      167.67      210.00
       86.67       84.00      210.00
       89.00       86.00      210.00
       55.00      119.67      210.00
       52.67      123.33      210.00
      263.67      142.67      210.00
      267.33      143.00      210.00
      161.67      110.00      210.00
      165.67      106.33      210.00
      188.00      286.33      213.00
      190.00      289.00      213.00
      172.67      249.00      213.00
      170.67      251.33      213.00
      262.33      228.67      213.00
      264.67      231.00      213.00
      292.00      222.00      213.00
      296.33      225.00      213.00
      140.67      105.00      213.00
      138.33      108.67      213.00
      115.67      179.67      213.00
      116.00      184.67      213.00
      154.67      115.00      213.00
      153.00      118.00      213.00
      181.00      119.67      213.00
      178.00      121.67      213.00
      200.33      301.67      213.00
      198.00      304.00      213.00
      102.33      167.00      217.00
      102.67      170.67      217.00
      227.67      175.33      217.00
      224.33      178.33      217.00
      252.67      291.00      217.00
      249.67      295.67      217.00
      239.33      308.00      217.00
      241.00      310.67      217.00
      229.33      305.33      217.00
      233.33      306.33      217.00
      240.67      187.67      217.00
      244.33      190.67      217.00
       40.33       57.67      217.00
       39.00       61.00      217.00
       48.67      116.67      217.00
       46.33      119.67      217.00
      227.33      164.67      217.00
      224.67      167.33      217.00
      231.00      152.67      217.00
      228.67      155.67      217.00
      148.33      126.67      217.00
      150.33      129.00      217.00
      228.67      142.67      220.00
      230.33      144.33      220.00
      164.33      144.67      220.00
      164.67      148.00      220.00
      163.33      157.00      221.00
      158.67      162.67      221.00
      109.00      139.67      224.00
      109.33      143.00      224.00
      113.33      221.67      224.00
      115.33      225.67      224.00
      202.33      271.33      224.00
      203.00      275.67      224.00
      220.33      273.00      224.00
      223.00      277.00      224.00
      265.33      225.33      228.00
      262.67      228.33      228.00
      229.00      285.00      228.00
      226.00      288.33      228.00
      213.67      291.00      228.00
      215.67      292.00      228.00
      116.00      132.33      228.00
      116.33      135.67      228.00
      144.33       18.33      228.00
      144.00       21.67      228.00
      133.67       25.33      228.00
      130.00       27.67      228.00
      143.33       39.33      228.00
      142.67       43.00      228.00
      259.00      192.33      228.00
      259.00      196.67      228.00
      262.00      181.67      228.00
      261.33      186.33      228.00
       50.33       89.33      228.00
       53.00       92.33      228.00
      215.67      275.00      231.00
      216.67      278.00      231.00
      275.00      204.67      231.00
      276.33      208.00      231.00
      154.00      110.33      231.00
      155.00      113.00      231.00
       71.00       87.33      231.00
       68.67       89.00      231.00
       49.00       82.00      234.00
       46.33       83.67      234.00
       48.00      101.67      234.00
       50.67      103.33      234.00
       99.67      202.67      234.00
       98.33      204.67      234.00
      153.00      109.33      234.00
      153.67      113.00      234.00
      266.33      212.33      234.00
      268.33      215.67      234.00
      278.33      229.33      234.00
      275.33      232.33      234.00
      124.00       14.67      240.00
      124.33       19.00      240.00
      210.00      155.33      240.00
      213.67      158.67      240.00
      199.67      221.67      244.00
      196.00      224.00      244.00
      247.33      200.67      244.00
      249.00      203.67      244.00
      155.00      239.67      153.00
      157.33      243.00      153.00
      128.33      258.00      155.00
      132.67      255.00      155.00
      138.00      219.00      159.00
      135.67      223.00      159.00
      194.67      265.33      159.00
      196.67      269.00      159.00
      155.67      252.67      159.00
      157.67      257.67      159.00
      129.33      274.00      164.00
      131.33      269.67      164.00
      188.33      225.67      166.00
      190.67      227.67      166.00
      163.67      320.67      169.00
      161.67      323.00      169.00
      157.67      219.33      169.00
      159.67      221.67      169.00
      213.33      258.33      174.00
      213.00      261.67      174.00
      109.00      234.33      174.00
      111.67      237.33      174.00
      111.33      288.67      176.00
      111.00      291.67      176.00
       91.33      223.33      190.00
       88.33      224.67      190.00
      133.00      274.00      196.00
      135.00      277.00      196.00
       88.67      287.67      196.00
       90.33      290.33      196.00
      153.33      283.00      196.00
      154.33      285.67      196.00
      181.33      245.00      205.00
      184.00      240.00      205.00
      108.00      197.67      205.00
      109.67      195.67      205.00
      156.00      351.33      205.00
      155.67      356.33      205.00
      202.33      335.33      205.00
      203.67      339.33      205.00
      198.00      188.67      205.00
      198.67      192.00      205.00
      194.00      344.33      208.00
      192.00      346.33      208.00
      100.67      198.33      208.00
       98.00      202.33      208.00
      119.67      284.33      208.00
      117.00      286.33      208.00
      107.33      287.00      208.00
      104.67      287.67      208.00
      176.00      272.00      211.00
      178.33      274.67      211.00
      157.67      280.33      211.00
      159.00      284.67      211.00
      204.33      327.33      213.00
      201.33      331.33      213.00
      174.33      272.67      213.00
      171.00      276.00      213.00
      147.67      211.33      213.00
      146.67      215.00      213.00
      147.00      190.67      213.00
      148.67      192.67      213.00
      239.33      232.33      217.00
      242.00      234.67      217.00
      235.00      270.67      217.00
      233.67      273.67      217.00
      206.00      197.67      222.00
      208.33      200.67      222.00
      242.33      259.33      222.00
      240.33      263.33      222.00
      233.33      257.00      222.00
      235.67      263.33      222.00
      216.33      224.00      222.00
      217.33      228.67      222.00
      190.00      334.33      222.00
      192.67      336.00      222.00
      138.67      291.00      222.00
      137.33      295.67      222.00
      168.00      349.00      222.00
      164.67      351.67      222.00
      212.00      245.67      226.00
      216.00      242.33      226.00
      195.00      318.33      226.00
      193.33      321.67      226.00
       99.33      198.00      226.00
       97.67      201.33      226.00
      219.00      209.00      226.00
      216.33      211.33      226.00
       70.33      251.00      226.00
       69.67      253.67      226.00
       82.67      255.33      229.00
       86.33      252.33      229.00
      226.00      304.67      229.00
      224.00      308.33      229.00
      117.00      312.67      229.00
      115.33      314.33      229.00
      113.67      317.67      229.00
      116.00      318.67      229.00
      224.33      218.00      232.00
      227.67      219.67      232.00
      175.67      325.00      232.00
      176.00      328.33      232.00
      141.00      257.33      232.00
      142.33      261.33      232.00
      157.00      202.00      232.00
      153.33      205.33      232.00
       88.00      293.33      232.00
       91.00      295.00      232.00
       74.67      260.33      232.00
       72.67      262.67      232.00
      151.00      237.33      239.00
      149.67      239.67      239.00
      131.00      252.67      239.00
      129.00      256.00      239.00
      143.67      319.33      241.00
      146.67      322.33      241.00
      101.33      293.00      241.00
      100.67      296.33      241.00
      201.33      311.67      241.00
      200.33      314.67      241.00
      149.67      237.00      241.00
      150.33      241.33      241.00
      130.67      213.00      246.00
      130.67      216.33      246.00
      111.00      246.33      246.00
      112.00      249.00      246.00
      194.67      284.33      246.00
      197.00      286.33      246.00
      204.67      315.67      246.00
      201.00      318.33      246.00
      195.00      237.00      250.00
      193.33      241.67      250.00
      185.00      208.00      250.00
      182.33      211.00      250.00
      165.00      332.67      250.00
      162.67      334.67      250.00
      138.67      243.00      263.00
      142.67      242.00      263.00
      105.00      242.67      263.00
      101.33      245.33      263.00
      198.67      308.67      263.00
      197.33      311.67      263.00
      105.33      282.00      271.00
      104.00      285.00      271.00
      160.67      275.67      275.00
      159.67      278.33      275.00
      194.00      305.67      275.00
      194.33      309.00      275.00
      172.67      202.00      275.00
      173.33      205.00      275.00
      175.00      305.00      278.00
      172.00      307.67      278.00
      114.67      243.00      278.00
      117.67      246.33      278.00
      106.00      253.33      278.00
      108.00      255.67      278.00
      143.67      260.00      279.00
      148.33      262.33      279.00
      153.00      276.33      279.00
      151.33      280.33      279.00
      168.67      297.67      279.00
      170.67      300.00      279.00
      114.33      259.33      279.00
      116.33      261.00      279.00
      111.67      280.00      281.00
      111.33      284.67      281.00
      138.33      311.00      281.00
      135.67      318.33      281.00
      177.00      316.67      281.00
      177.67      320.00      281.00
      152.67      251.00      281.00
      156.33      251.67      281.00
      136.67      251.67      281.00
      135.67      254.67      281.00
      128.67      315.33      147.00
      131.33      310.33      147.00
      136.33      301.67      147.00
      138.33      298.67      147.00
      184.33      268.00      147.00
      185.33      270.00      147.00
      101.00      337.33      147.00
      102.00      341.33      147.00
      130.33      296.67      149.00
      132.33      300.33      149.00
       81.67      360.33      149.00
       82.67      363.33      149.00
      147.00      344.33      152.00
      145.00      346.67      152.00
      131.00      362.00      152.00
      128.33      365.67      152.00
      214.33      321.67      152.00
      219.33      324.67      152.00
      238.00      310.33      152.00
      237.33      314.00      152.00
      172.33      317.33      154.00
      175.33      321.33      154.00
      165.67      351.67      154.00
      165.00      356.00      154.00
      207.67      353.33      154.00
      209.33      358.33      154.00
      236.67      322.33      154.00
      237.00      327.33      154.00
      147.33      343.67      154.00
      144.33      346.67      154.00
      242.33      313.67      154.00
      239.67      318.00      154.00
      200.33      375.00      159.00
      198.00      376.67      159.00
      190.00      382.33      159.00
      188.67      384.00      159.00
      228.67      304.00      161.00
      228.33      307.67      161.00
      232.67      304.33      161.00
      234.00      308.00      161.00
      190.33      252.33      161.00
      188.00      255.67      161.00
      165.00      368.67      161.00
      163.67      372.00      161.00
       75.67      312.67      161.00
       74.67      315.00      161.00
       78.67      307.67      167.00
       82.00      311.67      167.00
      146.67      321.33      167.00
      145.00      324.00      167.00
      144.00      384.33      167.00
      142.33      389.67      167.00
      255.33      318.00      183.00
      256.00      322.67      183.00
      137.33      382.00      183.00
      135.00      386.33      183.00
       85.67      337.00      183.00
       84.00      339.67      183.00
      163.00      380.00      187.00
      164.33      384.00      187.00
      237.33      257.33      187.00
      237.00      262.00      187.00
      218.33      368.00      187.00
      216.00      371.67      187.00
      150.67      403.33      193.00
      146.67      407.00      193.00
      221.33      306.00      193.00
      221.00      312.33      193.00
      237.33      291.67      193.00
      235.33      293.67      193.00
      103.00      376.00      199.00
      101.00      381.67      199.00
       88.67      350.67      199.00
       92.00      355.33      199.00
      151.67      388.00      204.00
      154.33      390.67      204.00
      216.67      275.33      204.00
      218.00      277.67      204.00
      149.00      283.00      209.00
      152.67      284.67      209.00
      141.00      305.00      209.00
      139.00      310.67      209.00
      107.67      309.33      209.00
      106.33      312.67      209.00
      122.67      414.00      209.00
      124.00      416.33      209.00
      209.00      306.67      213.00
      213.67      303.00      213.00
      107.33      347.33      217.00
      109.00      352.00      217.00
      104.00      348.00      217.00
      102.00      351.00      217.00
      111.67      342.33      217.00
      113.00      344.00      217.00
       68.33      351.67      217.00
       69.00      353.67      217.00
       74.33      363.33      217.00
       76.33      365.00      217.00
      192.33      279.67      217.00
      195.00      281.33      217.00
      163.67      308.00      217.00
      167.33      306.67      217.00
      103.00      332.33      219.00
      100.67      337.33      219.00
      116.00      379.00      219.00
      119.00      377.00      219.00
      108.67      319.67      219.00
      107.00      322.67      219.00
      112.00      333.67      219.00
      108.67      337.33      219.00
      165.67      384.00      227.00
      167.67      387.33      227.00
      174.00      331.67      232.00
      174.67      336.33      232.00
      156.67      309.33      232.00
      154.67      311.00      232.00
      203.33      295.67      232.00
      201.00      299.33      232.00
      191.67      303.67      232.00
      189.00      305.67      232.00
      227.00      310.33      232.00
      223.67      313.00      232.00
      183.67      376.67      232.00
      180.33      379.00      232.00
      224.67      346.00      232.00
      222.33      350.33      232.00
      137.67      323.33      235.00
      137.67      327.33      235.00
      142.67      303.67      235.00
      139.33      305.67      235.00
      132.67      297.00      235.00
      132.67      300.33      235.00
      163.33      338.00      235.00
      164.00      341.00      235.00
      179.00      354.33      235.00
      180.67      355.67      235.00
      183.67      312.00      235.00
      180.67      316.67      235.00
      209.00      308.00      235.00
      210.67      306.67      235.00
      146.33      372.33      238.00
      143.00      375.67      238.00
      103.00      341.33      238.00
      100.33      344.00      238.00
      173.67      332.00      231.00
      175.67      336.33      231.00
      116.00      300.67      231.00
      114.00      303.33      231.00
      172.33      154.33      128.00
      170.67      157.67      128.00
      185.00      137.33      128.00
      189.00      134.00      128.00
      240.67      136.67      131.00
      238.00      143.33      131.00
      341.00       69.33      131.00
      344.67       74.00      131.00
      353.33       84.00      133.00
      354.33       87.67      133.00
      307.00       97.00      133.00
      308.67      100.67      133.00
      255.33      168.67      133.00
      257.67      170.00      133.00
      255.67      174.33      133.00
      253.33      177.00      133.00
      271.00      185.67      137.00
      269.67      190.00      137.00
      205.33      220.67      137.00
      203.33      225.67      137.00
      151.00      185.00      137.00
      149.33      188.00      137.00
      342.33      142.67      137.00
      346.00      142.67      137.00
      387.67       93.67      139.00
      384.67       98.33      139.00
      445.33       75.33      139.00
      441.67       80.33      139.00
      241.00      128.67      139.00
      242.33      130.33      139.00
      133.00      197.00      139.00
      129.33      200.00      139.00
      205.67      147.67      145.00
      208.00      146.00      145.00
      211.67      171.00      145.00
      213.67      172.00      145.00
      348.67      171.33      145.00
      348.33      174.00      145.00
      441.33       61.33      145.00
      439.33       63.33      145.00
      162.33      242.33      145.00
      159.33      245.33      145.00
      125.00      157.00      156.00
      122.67      159.00      156.00
      140.00      142.33      156.00
      137.67      144.00      156.00
      187.67      106.67      156.00
      184.67      109.33      156.00
      412.33      153.67      156.00
      413.33      157.67      156.00
      404.67       48.67      156.00
      405.33       53.00      156.00
      354.67      139.00      156.00
      354.00      142.33      156.00
      332.67       65.33      159.00
      334.67       67.67      159.00
      440.67      102.33      159.00
      439.33      106.00      159.00
      166.33      227.33      159.00
      165.00      230.00      159.00
      465.33      221.67      159.00
      464.67      225.00      159.00
      101.67      222.33      160.00
      101.00      225.67      160.00
      103.00      211.33      160.00
      101.67      214.00      160.00
      324.00       76.67      160.00
      322.67       79.00      160.00
      252.33      151.00      160.00
      252.33      155.67      160.00
      166.33      228.00      160.00
      165.00      230.33      160.00
      459.33      231.67      160.00
      458.33      233.67      160.00
      435.00       52.00      163.00
      437.33       50.67      163.00
      390.33       83.33      163.00
      394.00       81.67      163.00
      416.00      131.00      163.00
      413.33      135.00      163.00
      228.00      103.67      163.00
      229.67      107.67      163.00
      380.33      113.67      163.00
      379.00      117.33      163.00
      408.67      127.00      169.00
      406.33      131.00      169.00
      426.67      218.33      169.00
      430.33      216.00      169.00
      433.00      223.67      169.00
      431.67      226.67      169.00
      314.00       71.67      169.00
      313.00       75.33      169.00
      431.67       59.33      169.00
      432.33       63.67      169.00
      457.33       98.33      169.00
      455.00      101.33      169.00
      179.33      123.33      169.00
      177.33      127.00      169.00
      345.00      172.00      169.00
      346.00      176.00      169.00
      317.00      173.00      169.00
      317.00      175.67      169.00
      167.33      159.33      169.00
      170.00      161.67      169.00
      282.33      139.33      169.00
      285.00      140.67      169.00
      390.33      204.00      169.00
      394.00      206.67      169.00
      338.33      129.67      169.00
      338.67      132.67      169.00
      338.00       77.67      169.00
      337.00       81.67      169.00
      345.67       86.33      169.00
      348.33       88.00      169.00
      155.00      202.67      172.00
      153.67      206.67      172.00
      123.67      156.33      172.00
      125.67      159.00      172.00
      318.00      113.33      172.00
      317.00      115.67      172.00
      327.33      108.00      175.00
      326.00      109.67      175.00
      464.67       60.33      175.00
      462.33       61.67      175.00
      101.67      187.67      175.00
      100.67      191.33      175.00
      429.00      202.33      179.00
      433.33      205.33      179.00
      429.33      210.33      179.00
      426.67      212.33      179.00
      446.33       76.67      179.00
      448.67       79.33      179.00
      158.67      144.00      179.00
      160.00      146.67      179.00
      152.33      126.67      179.00
      150.33      130.33      179.00
      143.67      123.00      179.00
      142.00      125.67      179.00
      115.33      219.00      179.00
      117.00      221.67      179.00
      399.33      155.33      179.00
      400.33      158.00      179.00
      282.33      138.00      179.00
      283.00      141.33      179.00
      417.00      220.67      183.00
      418.33      223.00      183.00
      455.33      111.67      183.00
      458.00      114.33      183.00
      444.67       54.67      189.00
      444.67       58.67      189.00
      236.67      245.67      189.00
      233.33      247.67      189.00
      328.67      114.67      194.00
      332.67      112.00      194.00
      341.33      103.67      194.00
      340.00      105.67      194.00
      221.00       99.33      194.00
      218.33      102.33      194.00
      251.33      116.33      196.00
      253.00      118.67      196.00
      405.67       54.33      196.00
      407.00       57.00      196.00
      236.00      277.67      196.00
      237.67      279.67      196.00
      385.00      211.33      202.00
      388.67      213.67      202.00
      189.33      209.33      202.00
      192.67      210.33      202.00
      198.67      216.67      202.00
      197.00      222.00      202.00
      183.67      239.33      202.00
      181.00      240.67      202.00
      236.67      282.33      202.00
      242.33      281.33      202.00
      265.33      237.00      202.00
      264.67      239.67      202.00
      233.00      251.33      206.00
      231.67      254.00      206.00
      210.33      132.67      212.00
      214.67      135.00      212.00
      218.33      140.00      212.00
      217.00      141.67      212.00
      345.00       44.00      212.00
      343.67       47.33      212.00
      395.00      210.67      212.00
      399.00      213.00      212.00
      185.33      202.33      212.00
      185.67      205.67      212.00
      283.67      237.33      219.00
      289.67      234.33      219.00
      357.33      103.67      219.00
      357.33      107.33      219.00
      217.67      247.67      222.00
      219.67      251.67      222.00
      345.67       89.33      222.00
      344.00       92.33      222.00
      357.33       81.67      222.00
      354.33       85.33      222.00
      438.67       57.00      222.00
      443.00       57.00      222.00
      452.33      201.00      226.00
      455.67      197.67      226.00
      450.33      206.00      226.00
      450.67      209.67      226.00
      371.67       93.33      226.00
      370.67       96.00      226.00
      214.00      114.33      226.00
      215.00      118.33      226.00
      422.00      134.67      226.00
      419.67      137.00      226.00
      121.33      224.67      231.00
      120.67      229.00      231.00
      185.00      156.00      231.00
      187.67      158.00      231.00
      352.67      139.67      231.00
      357.00      137.67      231.00
      357.33       60.67      231.00
      357.00       63.67      231.00
      358.67       49.33      231.00
      361.67       52.00      231.00
      334.67      106.67      234.00
      331.33      108.67      234.00
      343.67      103.67      234.00
      346.67      106.33      234.00
      360.00       35.67      234.00
      359.00       39.33      234.00
      352.00       39.67      234.00
      351.67       42.33      234.00
      171.33      146.67      236.00
      175.00      143.67      236.00
      333.67       91.67      236.00
      336.67       89.00      236.00
      337.33       82.00      236.00
      339.67       79.00      236.00
      269.00      193.33      236.00
      272.00      192.33      236.00
       36.00      166.00      146.00
       34.33      173.33      146.00
       35.67      147.67      146.00
       34.00      151.33      146.00
       31.33      160.00      146.00
       28.67      162.67      146.00
       39.33      136.00      146.00
       44.00      139.33      146.00
       27.67      153.67      148.00
       25.00      156.00      148.00
       31.00      183.33      148.00
       30.33      185.33      148.00
       24.00      147.67      151.00
       22.33      151.33      151.00
       23.00      202.67      160.00
       23.33      205.67      160.00
       58.67      141.67      160.00
       59.67      145.33      160.00
       46.00      177.67      160.00
       49.00      181.00      160.00
       43.33      202.33      167.00
       40.33      206.00      167.00
       69.00      171.00      167.00
       68.00      174.00      167.00
       65.33      181.67      167.00
       64.33      185.67      167.00
       35.00      180.00      167.00
       38.00      182.67      167.00
       63.67      208.00      178.00
       61.33      213.00      178.00
       34.33      204.00      179.00
       31.33      206.67      179.00
       19.00      143.00      186.00
       21.67      147.00      186.00
       43.00      113.00      212.00
       40.67      115.67      212.00
       27.67      237.33      212.00
       28.33      242.00      212.00
       22.67      197.00      215.00
       22.33      199.33      215.00
       60.00      222.67      229.00
       63.00      220.33      229.00
       73.67      215.67      229.00
       76.67      212.67      229.00
       56.67      142.67      233.00
       57.33      146.67      233.00
       67.67      148.00      233.00
       68.00      150.33      233.00
       61.33      218.33      240.00
       63.33      216.67      240.00
       79.00      200.00      242.00
       77.67      202.33      242.00
       26.33      168.67      251.00
       24.00      170.33      251.00
       28.33      171.67      251.00
       25.67      173.67      251.00
       43.33      213.33      255.00
       42.00      217.00      255.00
       46.00      214.67      268.00
       47.67      218.67      268.00
      165.00      351.00      210.00
      168.67      348.00      210.00
       63.67      405.33      210.00
       69.00      408.67      210.00
      126.67      334.00      213.00
      128.67      337.67      213.00
       59.67      414.00      213.00
       62.00      415.33      213.00
       89.67      441.00      213.00
       92.00      441.00      213.00
      103.00      440.33      213.00
      105.67      438.33      213.00
      157.00      396.33      213.00
      158.33      400.67      213.00
      131.33      406.67      213.00
      132.00      411.00      213.00
      128.00      422.67      213.00
      131.00      423.33      213.00
      115.33      440.67      216.00
      113.33      442.33      216.00
      164.67      367.00      216.00
      162.67      370.33      216.00
       79.33      287.67      216.00
       79.67      290.67      216.00
       21.00      434.33      216.00
       20.00      439.00      216.00
      151.33      436.33      220.00
      151.33      441.33      220.00
      112.67      438.33      220.00
      108.33      440.67      220.00
       88.67      382.33      220.00
       91.33      381.33      220.00
      102.67      357.00      220.00
      101.67      362.67      220.00
       69.67      386.67      220.00
       65.00      389.67      220.00
      145.67      445.00      220.00
      142.67      446.67      220.00
       51.33      441.00      220.00
       55.33      443.67      220.00
       78.33      369.33      220.00
       76.33      370.33      220.00
      154.67      359.00      223.00
      156.33      359.00      223.00
      153.00      348.33      223.00
      149.33      348.67      223.00
      128.33      385.67      223.00
      128.00      389.00      223.00
      154.00      402.67      223.00
      156.33      406.67      223.00
       70.33      286.00      223.00
       71.33      288.00      223.00
      115.33      295.33      223.00
      117.00      299.00      223.00
      127.67      373.00      226.00
      128.33      375.67      226.00
      153.67      358.33      226.00
      156.33      361.00      226.00
      141.00      410.67      228.00
      138.00      415.00      228.00
       62.67      375.67      228.00
       58.00      378.67      228.00
      112.00      438.67      228.00
      110.33      440.00      228.00
      115.00      427.00      228.00
      115.33      429.00      228.00
       76.00      386.33      228.00
       76.67      388.33      228.00
       97.33      401.33      228.00
       94.00      399.67      228.00
      157.33      381.33      228.00
      160.33      384.00      228.00
       57.33      418.00      228.00
       63.67      414.33      228.00
      128.67      412.67      232.00
      124.67      416.00      232.00
      109.00      429.00      232.00
      112.00      431.67      232.00
      115.67      426.67      232.00
      115.00      431.33      232.00
       99.00      360.33      232.00
      101.00      363.33      232.00
        5.00      356.33      232.00
        5.67      360.67      232.00
       71.33      389.33      232.00
       75.33      390.00      232.00
      147.33      380.67      232.00
      149.67      385.00      232.00
       83.33      379.00      232.00
       85.33      382.67      232.00
       89.00      379.33      232.00
       90.67      382.33      232.00
       83.00      370.00      232.00
       80.00      368.00      232.00
       53.00      300.00      236.00
       49.67      301.67      236.00
       48.67      401.00      236.00
       49.33      403.33      236.00
      149.67      383.67      236.00
      153.00      383.67      236.00
       97.33      372.67      236.00
       98.00      376.33      236.00
       98.67      344.00      239.00
       97.33      347.67      239.00
        6.00      369.00      239.00
        6.67      371.33      239.00
       15.67      369.33      239.00
       12.67      372.33      239.00
      108.00      400.33      239.00
      110.00      402.00      239.00
      135.00      345.67      239.00
      134.00      350.33      239.00
      104.00      415.33      241.00
      103.33      419.67      241.00
       93.67      357.33      241.00
       95.67      359.00      241.00
      152.00      384.67      241.00
      154.67      385.67      241.00
       50.00      294.33      244.00
       51.33      298.00      244.00
       81.33      387.00      247.00
       82.33      390.67      247.00
      101.67      426.67      247.00
      103.33      428.33      247.00
       90.33      392.33      250.00
       90.33      397.00      250.00
       86.67      395.00      250.00
       89.33      397.67      250.00
      118.00      441.67      250.00
      120.33      445.67      250.00
       63.00      401.00      252.00
       67.00      402.00      252.00
       42.67      310.67      252.00
       41.67      315.00      252.00
       50.67      334.67      252.00
       51.00      339.00      252.00
      128.67      416.00      254.00
      126.00      419.00      254.00
       34.33      412.33      254.00
       35.33      417.33      254.00
       45.00      399.67      257.00
       47.33      402.00      257.00
      118.67      411.33      257.00
      119.67      415.00      257.00
       35.33      411.33      259.00
       36.33      417.00      259.00
       57.00      388.67      259.00
       56.00      392.33      259.00
       49.33      392.33      259.00
       50.67      394.67      259.00
      111.33      417.33      259.00
      111.67      421.33      259.00
       71.00      389.00      261.00
       68.33      391.33      261.00
       61.33      352.67      262.00
       59.00      358.00      262.00
       44.00      333.67      262.00
       43.67      337.33      262.00
       46.67      344.67      262.00
       48.00      347.33      262.00
       36.33      409.33      262.00
       38.33      412.67      262.00
       77.00      351.67      262.00
       74.67      354.00      262.00
      160.67      213.33      148.00
      160.00      221.00      148.00
      151.67      180.67      148.00
      150.33      184.00      148.00
      178.67      221.67      148.00
      177.33      225.00      148.00
      164.33      244.00      154.00
      166.33      241.67      154.00
      168.00      215.33      157.00
      165.67      219.33      157.00
      124.67      203.67      159.00
      126.67      206.33      159.00
      204.33      218.33      159.00
      202.67      222.00      159.00
      182.00      216.00      159.00
      184.33      220.33      159.00
      148.00      250.67      159.00
      150.00      253.33      159.00
      188.33      197.33      165.00
      187.00      200.00      165.00
      203.67      176.67      165.00
      205.33      181.33      165.00
      129.33      206.33      169.00
      132.00      209.00      169.00
      192.33      253.67      172.00
      195.67      252.00      172.00
      206.67      221.67      177.00
      206.33      224.67      177.00
      188.67      178.33      180.00
      184.00      181.67      180.00
      168.00      243.67      184.00
      167.00      247.67      184.00
      165.00      119.33      188.00
      167.67      121.00      188.00
      142.67      230.67      188.00
      145.33      234.33      188.00
      238.33      229.00      195.00
      243.33      226.00      195.00
      236.00      235.67      213.00
      240.00      233.67      213.00
      217.00      153.00      219.00
      219.33      155.33      219.00
      131.33      137.67      235.00
      133.00      141.67      235.00
      107.33      200.00      235.00
      108.00      203.00      235.00
      109.67      216.00      235.00
      113.33      217.67      235.00
      118.33      220.67      235.00
      119.33      224.33      235.00
      117.00      235.33      235.00
      116.33      238.67      235.00
      140.67      228.00      240.00
      137.67      231.00      240.00
      143.67      248.00      243.00
      148.00      248.33      243.00
      219.33      149.67      255.00
      221.00      156.00      255.00
      153.67      200.00      264.00
      157.33      201.67      264.00
      158.67      230.00      264.00
      162.00      227.00      264.00
      150.00      227.00      269.00
      150.00      230.67      269.00
      169.33      168.33      272.00
      168.67      172.00      272.00
      155.00      215.33      275.00
      159.67      219.33      275.00
      360.67      269.67      154.00
      358.33      272.67      154.00
      345.33      248.33      154.00
      344.33      254.00      154.00
      330.33      268.00      154.00
      332.33      272.00      154.00
      379.67      299.00      157.00
      379.00      305.33      157.00
      292.67      256.00      157.00
      290.00      258.33      157.00
      344.00      248.33      157.00
      342.33      252.00      157.00
      279.67      253.00      163.00
      279.33      258.33      163.00
      337.33      323.00      163.00
      335.67      329.00      163.00
      312.00      288.33      169.00
      316.67      291.00      169.00
      389.33      297.33      172.00
      390.33      299.67      172.00
      371.00      236.00      174.00
      368.33      239.33      174.00
      380.33      242.33      174.00
      379.00      244.33      174.00
      286.00      240.33      179.00
      285.33      243.33      179.00
      393.67      249.33      179.00
      394.33      252.00      179.00
      270.33      273.67      206.00
      272.00      271.33      206.00
      309.67      330.00      206.00
      312.67      331.00      206.00
      274.33      224.67      208.00
      272.67      230.33      208.00
      384.33      236.00      213.00
      388.67      232.33      213.00
      407.33      264.00      216.00
      406.00      269.33      216.00
      324.00      302.67      216.00
      322.67      307.00      216.00
      424.00      257.00      216.00
      424.00      260.33      216.00
      418.00      255.67      216.00
      419.67      260.00      216.00
      296.67      189.33      219.00
      294.67      191.67      219.00
      254.33      255.67      225.00
      257.00      258.67      225.00
      250.67      255.67      225.00
      248.33      257.33      225.00
      384.67      316.33      225.00
      381.00      318.33      225.00
      304.00      318.00      227.00
      299.67      321.33      227.00
      256.00      275.67      233.00
      255.00      280.67      233.00
      333.33      237.00      235.00
      331.33      240.33      235.00
      294.67      226.33      239.00
      292.00      230.67      239.00
      361.67      196.00      239.00
      357.00      196.67      239.00
      370.00      319.00      239.00
      373.00      319.00      239.00
      339.67      212.67      239.00
      337.67      215.33      239.00
      325.00      257.00      239.00
      330.67      256.33      239.00
      273.67      230.33      244.00
      278.33      228.00      244.00
      304.33      245.00      249.00
      307.00      246.00      249.00
      288.67      273.00      249.00
      286.00      278.00      249.00
      293.33      253.00      249.00
      296.67      254.67      249.00
      304.33      324.67      254.00
      303.00      328.67      254.00
      326.67      293.67      256.00
      325.33      297.00      256.00
      309.00      202.67      258.00
      308.67      207.33      258.00
      368.00      248.33      258.00
      372.67      251.67      258.00
      362.67      251.00      258.00
      362.67      254.67      258.00
      314.67      250.00      258.00
      311.00      254.00      258.00
      316.00      246.33      258.00
      312.00      244.33      258.00
      295.00      252.67      258.00
      296.00      257.33      258.00
      347.67      252.33      261.00
      344.00      256.67      261.00
      318.67      217.67      264.00
      318.33      220.67      264.00
      355.67      283.67      267.00
      352.00      286.33      267.00
      348.33      291.00      267.00
      352.00      295.00      267.00
      318.33      322.00      270.00
      315.00      326.00      270.00
      348.00      222.67      273.00
      346.33      228.33      273.00
      342.67      249.00      275.00
      338.33      254.33      275.00
      345.00      233.00      275.00
      344.00      237.00      275.00
      326.67      237.67      275.00
      325.00      242.00      275.00
      324.00      249.00      275.00
      325.00      254.33      275.00
      347.33      223.00      275.00
      346.33      227.00      275.00
      367.67      290.67      275.00
      364.67      293.33      275.00
      334.33      302.67      275.00
      330.67      304.00      275.00
      313.33      302.67      275.00
      310.67      303.00      275.00
      360.33      281.67      279.00
      359.00      283.33      279.00
      347.67      235.33      279.00
      350.00      235.33      279.00
      471.33      332.67      177.00
      468.33      335.33      177.00
      460.67      333.33      177.00
      456.67      337.67      177.00
      455.00      350.00      180.00
      450.33      349.33      180.00
      464.33      344.67      180.00
      462.67      346.67      180.00
      450.33      367.00      180.00
      448.67      370.67      180.00
      466.67      376.67      183.00
      462.67      380.00      183.00
      443.67      354.00      186.00
      442.00      356.33      186.00
      464.67      358.00      190.00
      461.33      361.33      190.00
      446.67      398.00      190.00
      447.33      400.67      190.00
      468.33      393.67      192.00
      464.67      395.00      192.00
      432.33      395.00      192.00
      434.33      398.33      192.00
      447.67      317.00      199.00
      445.00      322.67      199.00
      452.33      431.33      202.00
      452.00      437.00      202.00
      422.00      370.33      202.00
      419.33      373.33      202.00
      455.67      380.00      204.00
      453.00      382.67      204.00
      457.00      388.00      204.00
      454.33      389.00      204.00
      459.00      391.00      204.00
      457.00      394.00      204.00
      472.67      357.00      204.00
      471.67      360.33      204.00
      477.33      344.67      204.00
      475.33      348.00      204.00
      457.33      325.67      210.00
      460.67      327.00      210.00
      425.00      396.67      210.00
      426.00      402.00      210.00
      431.00      408.67      210.00
      428.33      411.00      210.00
      454.00      423.67      210.00
      449.33      428.00      210.00
      438.00      391.67      210.00
      441.67      394.00      210.00
      450.67      410.33      215.00
      447.00      412.67      215.00
      436.00      399.67      218.00
      434.33      404.00      218.00
      427.67      418.33      220.00
      424.67      424.00      220.00
      434.33      405.00      220.00
      429.67      408.67      220.00
      417.00      336.67      229.00
      417.33      342.33      229.00
      417.00      364.67      229.00
      414.33      366.33      229.00
      412.00      358.33      234.00
      407.33      361.33      234.00
      419.33      351.00      235.00
      422.33      356.67      235.00
      428.67      320.00      235.00
      425.67      323.00      235.00
      414.33      386.67      240.00
      418.67      389.33      240.00
      448.00      318.00      244.00
      444.33      319.67      244.00
      401.00      408.00      245.00
      405.33      411.00      245.00
      396.67      385.33      248.00
      395.00      391.00      248.00
      420.67      408.67      252.00
      422.67      411.00      252.00
      395.67      419.33      256.00
      399.00      421.67      256.00
      441.67      346.00      270.00
      440.00      348.67      270.00
